1,1
1,3
1,5
1,6
1,8
1,9
1,13
1,15
2,1
2,3
2,6
2,8
2,9
2,13
3,2
3,3
3,4
3,6
3,8
3,13
4,2
4,5
4,6
4,13
4,14
5,1
5,4
5,6
5,7
5,9
5,13
6,1
6,2
6,4
6,6
6,7
6,9
6,13
7,2
7,3
7,4
7,6
7,8
7,13
7,14
8,1
8,2
8,4
8,6
8,8
8,9
8,12
8,14
8,15
9,1
9,2
9,4
9,5
9,8
9,13
10,1
10,3
10,4
10,5
10,6
10,8
10,9
10,13
10,14
11,1
11,2
11,3
11,4
11,6
11,9
11,13
12,3
12,4
12,5
12,6
12,8
12,9
12,13
12,14
13,1
13,4
13,6
13,8
13,13
14,1
14,8
14,13
15,2
15,3
15,5
15,6
15,7
15,10
15,13
16,2
16,4
16,6
16,8
16,9
16,13
16,14
16,15
17,1
17,4
17,5
17,6
17,8
18,1
18,8
18,9
18,11
18,13
19,1
19,2
19,3
19,4
19,6
19,8
19,9
19,13
19,14
20,1
20,2
20,3
20,6
20,8
20,10
20,11
20,13
21,1
21,2
21,6
21,9
21,13
22,5
22,6
22,8
22,9
22,13
22,14
23,1
23,2
23,3
23,5
23,6
23,8
23,9
23,13
24,1
24,2
24,4
24,6
24,9
24,10
24,13
25,4
25,5
25,6
25,7
25,8
25,9
25,10
25,13
25,15
26,1
26,3
26,6
26,8
26,9
26,14
27,1
27,2
27,3
27,5
27,6
27,9
27,13
27,14
28,1
28,2
28,3
28,5
28,6
28,8
28,9
28,13
29,2
29,3
29,4
29,6
29,8
29,9
29,13
30,3
30,6
30,8
30,13
30,14
31,2
31,4
31,6
31,8
31,10
31,11
31,13
31,14
32,1
32,2
32,4
32,5
32,8
32,12
32,13
32,14
33,1
33,4
33,5
33,6
33,8
33,12
33,13
33,14
34,1
34,2
34,6
34,8
34,10
34,13
35,1
35,2
35,8
35,9
35,13
36,1
36,2
36,3
36,4
36,8
36,9
36,13
37,1
37,2
37,3
37,4
37,5
37,8
37,9
37,13
37,15
38,1
38,2
38,4
38,8
38,9
38,10
38,13
39,1
39,2
39,4
39,8
39,9
39,13
39,14
40,1
40,2
40,3
40,4
40,8
40,13
40,14
41,1
41,2
41,4
41,6
41,8
41,9
41,11
41,13
42,1
42,2
42,3
42,4
42,5
42,8
42,9
42,11
42,13
42,14
43,1
43,2
43,3
43,5
43,6
43,8
43,9
43,10
43,12
43,13
43,14
44,1
44,2
44,3
44,4
44,6
44,8
44,9
44,13
44,14
45,1
45,2
45,3
45,4
45,5
45,6
45,8
45,9
45,13
46,1
46,2
46,3
46,4
46,6
46,9
46,13
47,2
47,4
47,5
47,6
47,13
47,14
48,1
48,3
48,4
48,5
48,6
48,8
48,10
48,13
49,1
49,3
49,4
49,6
49,8
49,9
49,13
49,14
50,1
50,3
50,4
50,6
50,8
50,9
50,13
51,1
51,4
51,5
51,6
51,9
51,13
52,2
52,6
52,8
52,13
53,1
53,2
53,3
53,4
53,6
53,10
53,13
54,1
54,2
54,3
54,4
54,5
54,6
54,8
54,9
54,13
55,1
55,2
55,4
55,6
55,8
55,9
55,11
55,13
55,14
56,4
56,5
56,6
56,9
56,10
56,13
56,14
57,1
57,2
57,3
57,4
57,6
57,8
57,9
57,10
57,11
57,13
57,14
58,1
58,2
58,4
58,5
58,14
59,1
59,2
59,3
59,4
59,6
59,8
59,9
59,13
59,14
60,1
60,2
60,3
60,5
60,8
60,9
60,13
61,1
61,3
61,4
61,6
61,8
61,9
61,13
61,14
62,1
62,2
62,4
62,6
62,7
62,8
62,9
62,13
63,1
63,4
63,6
63,8
63,9
63,13
64,2
64,4
64,6
64,9
65,1
65,2
65,3
65,4
65,5
65,6
65,9
65,13
66,2
66,6
66,9
66,13
67,1
67,3
67,4
67,6
67,9
67,13
67,14
68,1
68,2
68,3
68,4
68,5
68,6
68,9
68,13
69,1
69,2
69,8
69,9
69,13
70,1
70,2
70,3
70,4
70,6
70,8
70,13
70,14
71,2
71,3
71,4
71,6
71,9
71,14
72,1
72,4
72,6
72,13
73,1
73,2
73,3
73,4
73,13
73,14
74,2
74,4
74,5
74,9
74,13
74,14
75,1
75,2
75,4
75,6
75,7
75,8
75,9
75,13
75,14
76,2
76,3
76,5
76,8
76,9
76,13
76,14
77,2
77,4
77,5
77,6
77,8
77,9
77,13
77,14
78,2
78,3
78,4
78,6
78,8
78,9
78,10
78,13
79,1
79,2
79,4
79,6
79,10
79,13
80,1
80,2
80,4
80,9
80,12
80,13
80,14
81,1
81,4
81,6
81,9
81,13
81,14
82,1
82,2
82,4
82,6
82,9
82,10
82,13
83,1
83,2
83,3
83,4
83,6
83,8
83,13
83,15
84,1
84,2
84,4
84,6
84,9
84,11
84,13
85,1
85,2
85,4
85,6
85,9
85,13
86,1
86,4
86,6
86,7
86,8
86,9
86,13
86,15
87,1
87,3
87,5
87,6
87,8
87,9
87,13
88,1
88,2
88,5
88,6
88,8
88,9
88,10
88,13
89,1
89,2
89,6
89,8
89,9
89,12
89,13
89,14
90,1
90,4
90,6
90,8
90,13
90,14
91,1
91,2
91,3
91,4
91,6
91,8
92,1
92,2
92,4
92,6
92,8
92,12
92,13
92,14
93,1
93,2
93,3
93,6
93,8
93,9
93,10
93,13
94,1
94,2
94,6
94,9
95,1
95,2
95,3
95,4
95,6
95,11
95,13
96,1
96,2
96,3
96,6
96,7
96,8
96,9
96,11
96,13
96,14
97,1
97,2
97,3
97,4
97,6
97,8
97,9
97,13
97,15
98,1
98,3
98,4
98,5
98,6
98,8
98,9
99,1
99,2
99,3
99,4
99,6
99,8
99,9
99,10
99,13
100,1
100,4
100,6
100,8
100,9
100,12
100,13
101,3
101,4
101,5
101,6
101,8
101,12
101,13
101,14
101,15
102,1
102,3
102,5
102,6
102,8
102,9
102,12
102,13
103,1
103,2
103,3
103,6
103,8
103,13
104,1
104,2
104,4
104,6
104,8
104,9
104,12
104,13
104,14
105,1
105,5
105,6
105,8
105,9
105,13
106,1
106,2
106,3
106,4
106,6
106,9
106,13
107,1
107,2
107,3
107,8
107,9
107,13
108,1
108,2
108,4
108,11
108,13
108,14
109,2
109,3
109,4
109,6
109,9
109,13
110,1
110,2
110,3
110,4
110,5
110,6
110,8
110,13
111,1
111,2
111,3
111,4
111,6
111,8
111,9
111,11
111,13
111,14
112,1
112,2
112,3
112,5
112,6
112,13
112,14
113,1
113,3
113,6
113,9
113,10
113,11
113,13
113,14
114,1
114,2
114,3
114,4
114,5
114,6
114,8
114,9
114,13
114,15
115,1
115,2
115,3
115,4
115,5
115,6
115,8
115,9
115,11
115,13
115,14
116,1
116,4
116,9
116,13
116,14
116,15
117,5
117,9
117,13
118,1
118,2
118,3
118,4
118,6
118,8
118,9
118,13
118,14
119,1
119,2
119,3
119,4
119,5
119,6
119,13
119,14
120,1
120,2
120,4
120,5
120,6
120,8
120,9
120,13
120,14
121,2
121,4
121,6
121,9
121,13
122,1
122,2
122,3
122,6
122,8
122,9
122,10
122,11
123,1
123,4
123,7
123,9
123,13
124,1
124,2
124,3
124,8
124,9
124,13
125,1
125,5
125,6
125,8
125,9
125,13
125,14
126,2
126,3
126,4
126,6
126,9
126,12
126,13
127,1
127,2
127,6
127,7
127,8
127,9
127,13
127,14
128,1
128,2
128,4
128,8
128,9
128,10
128,13
128,15
129,1
129,2
129,3
129,4
129,6
129,8
129,9
129,13
129,14
130,1
130,3
130,6
130,8
130,9
130,12
130,13
131,1
131,2
131,3
131,4
131,5
131,6
131,8
131,9
131,11
131,14
132,2
132,4
132,6
132,9
132,12
132,13
133,2
133,3
133,5
133,6
133,8
133,9
133,13
133,14
134,3
134,4
134,6
134,8
134,13
135,1
135,3
135,4
135,6
135,8
135,9
135,13
136,1
136,2
136,3
136,4
136,6
136,9
136,13
136,14
137,1
137,2
137,3
137,4
137,6
137,8
137,10
137,13
138,1
138,2
138,3
138,4
138,6
138,8
138,9
138,13
138,14
139,2
139,3
139,6
139,8
139,9
139,13
139,14
140,1
140,2
140,3
140,4
140,8
140,9
140,13
141,4
141,6
141,8
141,9
141,13
141,14
142,1
142,3
142,4
142,8
142,9
142,10
142,13
143,1
143,2
143,3
143,5
143,6
143,8
143,12
143,13
144,3
144,4
144,5
144,6
144,13
145,1
145,2
145,4
145,6
145,7
145,8
145,9
145,13
145,14
146,1
146,2
146,3
146,6
146,8
146,9
146,13
146,14
147,1
147,2
147,6
147,8
147,9
147,13
147,14
148,2
148,3
148,4
148,5
148,6
148,13
148,14
149,1
149,3
149,4
149,6
149,7
149,13
150,1
150,2
150,3
150,4
150,6
150,9
150,13
150,14
151,1
151,2
151,3
151,4
151,8
151,9
151,11
151,13
152,3
152,6
152,8
152,11
152,13
152,14
153,1
153,2
153,4
153,6
153,8
153,9
153,11
153,13
154,1
154,2
154,3
154,4
154,5
154,8
154,9
154,10
154,13
155,1
155,2
155,4
155,5
155,6
155,13
155,14
156,1
156,2
156,4
156,6
156,8
156,9
156,13
157,1
157,4
157,6
157,9
157,13
157,15
158,1
158,3
158,6
158,8
158,9
158,13
159,3
159,4
159,5
159,6
159,8
159,9
159,10
159,13
159,15
160,1
160,2
160,3
160,4
160,5
160,6
160,8
160,9
160,13
160,15
161,1
161,4
161,6
161,9
161,10
161,12
161,13
162,1
162,2
162,3
162,4
162,6
162,8
162,9
163,1
163,2
163,3
163,4
163,6
163,8
163,9
164,2
164,4
164,5
164,6
164,8
164,9
164,13
165,1
165,3
165,4
165,6
165,8
165,9
165,10
165,13
165,14
165,15
166,1
166,4
166,5
166,6
166,9
166,14
167,1
167,2
167,4
167,5
167,6
167,8
167,13
167,14
168,2
168,4
168,13
168,15
169,1
169,2
169,4
169,5
169,8
169,9
169,13
170,1
170,2
170,5
170,8
170,12
170,13
171,1
171,2
171,3
171,6
171,9
171,13
171,15
172,1
172,2
172,3
172,4
172,5
172,6
172,8
172,9
172,10
172,13
172,14
173,1
173,2
173,4
173,8
173,9
173,13
174,1
174,3
174,4
174,6
174,8
174,9
174,13
175,1
175,2
175,3
175,4
175,8
175,9
175,13
176,1
176,3
176,4
176,6
176,8
176,13
177,1
177,3
177,4
177,6
177,8
177,9
177,13
177,14
178,1
178,3
178,4
178,5
178,6
178,9
178,13
179,1
179,4
179,6
179,8
179,9
179,13
179,14
180,3
180,4
180,6
180,8
180,9
180,13
181,1
181,9
181,13
182,1
182,3
182,4
182,5
182,6
182,9
182,13
183,1
183,2
183,6
183,8
183,10
183,13
183,14
184,2
184,4
184,6
184,8
184,11
185,1
185,2
185,3
185,6
185,8
185,9
185,13
185,14
186,1
186,2
186,4
186,5
186,6
186,8
186,9
186,13
187,1
187,2
187,3
187,4
187,6
187,8
187,9
187,13
187,14
188,1
188,2
188,3
188,4
188,7
188,8
188,13
189,1
189,2
189,3
189,4
189,6
189,8
189,13
190,1
190,2
190,4
190,6
190,9
190,13
191,1
191,3
191,4
191,5
191,6
191,7
191,8
191,9
191,13
192,1
192,2
192,4
192,8
192,9
192,13
193,1
193,2
193,3
193,4
193,6
193,8
193,13
194,1
194,4
194,8
194,9
194,13
195,1
195,2
195,4
195,5
195,6
195,8
195,13
195,14
196,1
196,2
196,3
196,4
196,6
196,8
196,13
197,1
197,2
197,3
197,4
197,6
197,8
197,9
197,10
197,13
198,1
198,2
198,3
198,4
198,6
198,8
198,13
198,14
199,1
199,2
199,4
199,5
199,6
199,7
199,13
200,1
200,2
200,3
200,4
200,5
200,6
200,8
200,9
200,13
200,14
201,2
201,4
201,6
201,8
201,9
201,13
202,1
202,2
202,3
202,4
202,5
202,6
202,9
202,13
203,1
203,2
203,4
203,8
203,9
203,12
203,13
203,14
204,1
204,2
204,3
204,4
204,5
204,6
204,13
205,1
205,2
205,4
205,6
205,8
205,9
205,13
206,1
206,2
206,4
206,5
206,6
206,9
206,13
207,1
207,2
207,3
207,6
207,9
207,13
208,1
208,2
208,3
208,4
208,6
208,9
208,13
209,2
209,3
209,7
209,8
209,9
209,12
209,13
209,14
210,4
210,8
210,9
210,13
210,14
211,1
211,2
211,3
211,4
211,6
211,9
211,12
212,1
212,2
212,4
212,6
212,9
212,12
212,13
212,14
213,1
213,2
213,4
213,8
213,9
213,13
213,14
214,1
214,2
214,4
214,6
214,7
214,8
214,9
214,13
214,14
215,1
215,2
215,6
215,8
215,9
215,13
216,1
216,2
216,4
216,6
216,8
216,9
216,11
216,13
216,14
217,4
217,8
217,9
217,13
218,1
218,2
218,3
218,4
218,6
218,7
218,8
218,9
218,13
219,1
219,2
219,3
219,4
219,6
219,9
219,13
220,1
220,2
220,4
220,5
220,6
220,9
220,13
221,1
221,2
221,3
221,4
221,5
221,8
221,13
221,14
222,1
222,2
222,4
222,6
222,9
222,13
222,14
223,1
223,3
223,4
223,8
223,9
223,11
223,13
224,1
224,2
224,3
224,4
224,6
224,8
224,11
224,13
224,14
225,1
225,3
225,4
225,6
225,9
225,13
225,14
226,1
226,3
226,10
226,12
226,13
227,1
227,2
227,3
227,4
227,6
227,8
227,9
227,12
227,13
227,14
227,15
228,1
228,2
228,4
228,6
228,8
228,9
228,11
228,13
228,14
229,1
229,2
229,3
229,4
229,5
229,6
229,10
229,11
230,2
230,3
230,6
230,7
230,8
230,9
230,13
231,1
231,2
231,3
231,4
231,6
231,8
231,9
231,13
231,14
232,1
232,2
232,3
232,4
232,9
232,14
233,1
233,3
233,4
233,6
233,8
233,9
233,13
233,14
233,15
234,1
234,3
234,4
234,5
234,6
234,9
234,13
234,15
235,1
235,2
235,4
235,5
235,6
235,8
235,9
235,13
236,6
236,8
236,9
236,13
237,1
237,3
237,4
237,6
237,9
237,13
238,2
238,3
238,4
238,5
238,6
238,7
238,8
238,13
239,4
239,5
239,6
239,8
239,9
239,10
239,13
240,1
240,2
240,4
240,6
240,8
240,9
240,13
241,1
241,2
241,3
241,6
241,8
241,9
241,15
242,1
242,4
242,6
242,13
242,14
243,1
243,2
243,3
243,4
243,6
243,8
243,9
243,13
243,14
244,1
244,3
244,4
244,6
244,13
244,14
245,1
245,2
245,4
245,6
245,8
245,13
246,1
246,2
246,4
246,5
246,6
246,7
246,8
246,9
246,10
246,12
246,13
246,14
246,15
247,1
247,2
247,4
247,6
247,9
247,13
248,2
248,4
248,8
248,13
248,14
249,1
249,2
249,3
249,4
249,6
249,8
249,13
250,1
250,3
250,4
250,5
250,6
250,8
250,9
250,11
250,13
250,14
251,1
251,2
251,3
251,5
251,6
251,8
251,9
251,13
252,1
252,2
252,4
252,6
252,8
252,9
252,12
252,13
253,2
253,3
253,4
253,6
253,8
253,13
254,2
254,3
254,4
254,9
254,11
254,12
255,4
255,6
255,8
255,9
255,13
256,2
256,4
256,6
256,8
256,9
256,12
256,13
256,14
257,2
257,4
257,6
257,8
257,9
257,13
258,1
258,2
258,3
258,4
258,5
258,6
258,8
258,9
258,13
258,14
259,1
259,2
259,3
259,4
259,8
259,9
259,13
260,1
260,2
260,3
260,4
260,5
260,6
260,9
260,12
260,13
261,1
261,2
261,3
261,4
261,5
261,6
261,8
261,9
261,13
261,14
262,1
262,2
262,4
262,5
262,6
262,8
262,9
262,13
263,1
263,2
263,3
263,6
263,8
263,9
263,13
264,1
264,3
264,4
264,6
264,8
264,9
264,13
265,1
265,2
265,4
265,7
265,8
265,10
265,13
266,2
266,3
266,4
266,5
266,6
266,8
266,9
266,10
266,13
267,3
267,4
267,5
267,8
267,10
268,1
268,3
268,4
268,8
268,13
269,1
269,4
269,6
269,13
269,14
270,1
270,2
270,4
270,6
270,9
270,13
270,14
271,1
271,2
271,4
271,5
271,8
271,9
271,10
271,13
272,1
272,2
272,3
272,4
272,6
272,9
272,13
273,1
273,2
273,8
273,9
273,10
274,1
274,4
274,6
274,8
274,9
274,13
275,1
275,2
275,4
275,6
275,8
275,9
275,13
275,14
276,1
276,2
276,6
276,7
276,8
276,13
276,14
277,1
277,3
277,6
277,9
277,13
278,1
278,2
278,3
278,4
278,6
278,13
278,14
279,1
279,2
279,3
279,4
279,6
279,8
279,9
280,1
280,4
280,6
280,9
280,13
280,14
281,1
281,2
281,3
281,4
281,6
281,8
281,13
282,1
282,3
282,4
282,6
282,8
282,9
282,13
283,1
283,2
283,3
283,4
283,5
283,8
283,10
283,11
283,12
283,13
283,14
283,15
284,1
284,2
284,3
284,4
284,6
284,9
284,12
284,13
285,1
285,2
285,4
285,6
285,8
285,13
286,1
286,4
286,9
286,12
286,13
286,14
287,1
287,2
287,3
287,4
287,6
287,8
287,13
288,3
288,4
288,5
288,6
289,1
289,2
289,4
289,6
289,9
289,13
290,1
290,4
290,6
290,7
290,9
290,11
290,13
291,3
291,4
291,6
291,8
291,12
291,13
292,1
292,2
292,4
292,5
292,8
292,13
293,1
293,2
293,4
293,6
293,8
293,13
294,1
294,2
294,3
294,4
294,6
294,9
295,1
295,2
295,3
295,5
295,6
295,13
295,14
296,1
296,3
296,4
296,6
296,8
296,9
296,13
297,1
297,3
297,4
297,6
297,8
297,9
297,13
298,1
298,3
298,4
298,6
298,9
298,13
298,15
299,1
299,2
299,3
299,4
299,6
299,8
299,13
299,14
300,1
300,2
300,3
300,4
300,6
300,8
300,9
300,13
301,1
301,2
301,4
301,6
301,8
301,9
301,13
302,1
302,2
302,3
302,4
302,6
302,7
302,8
302,13
302,14
303,1
303,2
303,3
303,4
303,6
303,9
303,11
303,13
303,14
304,1
304,2
304,3
304,4
304,6
304,8
304,13
304,15
305,1
305,2
305,3
305,4
305,6
305,8
305,9
305,13
305,14
306,1
306,3
306,4
306,6
306,8
306,9
306,13
307,2
307,3
307,9
307,13
307,14
308,2
308,3
308,7
308,8
308,9
308,13
309,1
309,2
309,3
309,4
309,5
309,6
309,13
310,1
310,2
310,5
310,7
310,8
310,9
310,13
311,1
311,2
311,3
311,4
311,5
311,6
311,8
311,9
311,13
312,1
312,3
312,5
312,6
312,8
312,13
312,15
313,1
313,2
313,3
313,4
313,6
313,8
313,9
313,13
314,2
314,4
314,5
314,9
314,13
314,14
315,1
315,2
315,3
315,4
315,5
315,6
315,10
315,13
315,14
315,15
316,1
316,2
316,3
316,4
316,5
316,6
316,8
316,9
316,13
316,14
317,1
317,4
317,6
317,9
317,11
317,13
318,2
318,3
318,6
318,8
318,9
318,13
319,1
319,2
319,4
319,6
319,9
319,13
319,14
320,2
320,3
320,6
320,8
320,9
320,11
320,13
320,15
321,1
321,2
321,4
321,6
321,8
321,12
321,13
321,14
322,1
322,2
322,5
322,6
322,8
322,9
322,13
323,1
323,2
323,3
323,4
323,6
323,7
323,9
323,11
323,13
323,14
324,1
324,2
324,3
324,4
324,5
324,6
324,8
324,9
324,13
324,15
325,1
325,3
325,4
325,6
325,8
325,11
325,13
326,1
326,2
326,4
326,6
326,8
326,9
326,13
327,2
327,3
327,4
327,6
327,7
327,9
327,11
327,13
327,15
328,1
328,3
328,5
328,7
328,8
328,9
328,13
328,14
329,1
329,3
329,4
329,6
329,8
329,9
329,13
330,3
330,4
330,6
330,9
330,13
330,14
331,1
331,2
331,3
331,4
331,6
331,7
331,8
331,9
331,13
332,1
332,2
332,3
332,4
332,6
332,8
332,9
332,13
333,1
333,2
333,3
333,4
333,8
333,9
333,14
334,2
334,6
334,7
334,8
334,10
334,13
335,2
335,4
335,7
335,8
335,9
336,1
336,2
336,3
336,4
336,5
336,6
336,8
336,9
336,11
336,13
337,1
337,2
337,4
337,5
337,6
337,8
337,9
337,13
338,1
338,2
338,3
338,6
338,8
338,9
338,13
339,1
339,2
339,4
339,5
339,6
340,3
340,4
340,6
340,8
340,10
340,13
340,14
341,1
341,2
341,4
341,5
341,6
341,13
342,1
342,2
342,3
342,8
342,9
343,1
343,2
343,3
343,4
343,6
343,9
343,10
343,13
343,14
344,1
344,2
344,3
344,6
344,8
344,10
344,13
344,14
345,1
345,2
345,4
345,5
345,6
345,8
345,9
345,13
345,14
345,15
346,1
346,2
346,4
346,6
346,9
346,13
347,1
347,3
347,6
347,8
347,10
347,11
347,13
347,15
348,1
348,2
348,3
348,4
348,5
348,6
348,8
348,13
348,14
349,2
349,3
349,4
349,6
349,8
349,9
349,13
350,1
350,2
350,3
350,4
350,6
350,8
350,13
351,2
351,3
351,4
351,6
351,13
351,14
351,15
352,1
352,2
352,6
352,8
352,9
352,13
352,14
353,1
353,3
353,4
353,5
353,6
353,12
353,13
354,2
354,4
354,5
354,6
354,9
354,10
354,13
355,1
355,2
355,3
355,4
355,6
355,8
355,13
355,14
356,2
356,4
356,6
356,9
356,15
357,3
357,4
357,5
357,7
357,9
357,13
357,14
358,1
358,6
358,7
358,8
358,13
358,14
359,1
359,3
359,4
359,6
359,8
359,9
359,13
360,1
360,2
360,3
360,4
360,6
360,8
360,9
360,12
360,13
361,1
361,6
361,13
361,14
362,2
362,5
362,6
362,8
362,9
362,13
362,15
363,1
363,2
363,4
363,8
363,9
363,13
364,2
364,3
364,4
364,6
364,8
364,9
364,13
365,1
365,2
365,4
365,6
365,8
365,13
366,1
366,9
366,13
366,14
367,1
367,4
367,8
367,13
368,1
368,2
368,3
368,4
368,13
368,14
369,1
369,2
369,3
369,8
369,9
369,12
369,13
370,1
370,2
370,3
370,4
370,6
370,8
370,12
370,13
371,1
371,2
371,4
371,6
371,8
371,9
371,13
371,14
372,1
372,2
372,4
372,6
372,9
372,13
373,1
373,2
373,4
373,5
373,8
373,9
374,1
374,3
374,4
374,6
374,8
374,9
374,10
374,13
375,1
375,2
375,3
375,4
375,6
375,8
375,9
375,11
375,13
375,14
376,1
376,2
376,3
376,4
376,6
376,8
376,9
377,2
377,3
377,4
377,6
377,13
377,14
378,1
378,2
378,4
378,6
378,8
378,13
378,15
379,1
379,2
379,3
379,4
379,5
379,6
379,9
379,14
379,15
380,2
380,6
380,8
380,13
380,15
381,1
381,2
381,4
381,5
381,6
381,8
381,9
381,12
381,13
381,14
382,1
382,3
382,4
382,5
382,6
382,7
382,9
382,10
382,11
382,13
383,2
383,3
383,4
383,5
383,8
383,13
384,3
384,4
384,6
384,8
384,9
384,11
384,13
384,14
385,1
385,3
385,4
385,6
385,8
385,13
385,14
386,1
386,2
386,3
386,4
386,5
386,6
386,10
386,13
386,14
386,15
387,1
387,2
387,3
387,4
387,8
387,9
387,13
388,2
388,3
388,4
388,5
388,8
388,9
388,13
388,14
388,15
389,2
389,4
389,6
389,8
389,9
389,13
390,1
390,2
390,3
390,4
390,8
390,9
390,12
390,13
390,15
391,1
391,2
391,3
391,6
391,8
391,9
391,13
392,1
392,2
392,6
392,8
392,9
393,3
393,4
393,6
393,9
393,13
394,1
394,2
394,4
394,6
394,9
394,13
394,15
395,1
395,3
395,5
395,6
395,8
395,9
395,13
395,14
396,1
396,2
396,3
396,4
396,6
396,8
396,9
396,13
396,14
397,1
397,3
397,4
397,6
397,9
397,13
397,14
398,1
398,2
398,3
398,4
398,5
398,7
398,8
398,9
399,1
399,4
399,6
399,8
399,9
399,12
399,13
400,2
400,3
400,4
400,6
400,8
400,10
401,3
401,4
401,6
401,8
401,9
401,12
401,13
401,14
402,1
402,2
402,3
402,4
402,6
402,9
402,13
403,1
403,6
403,8
403,9
404,1
404,3
404,4
404,6
404,9
404,12
404,13
404,14
405,1
405,2
405,3
405,5
405,6
405,8
405,9
405,13
406,3
406,4
406,6
406,8
406,9
406,13
406,14
407,1
407,4
407,6
407,9
407,10
407,13
408,1
408,2
408,4
408,6
408,7
408,9
408,14
409,1
409,2
409,3
409,6
409,8
409,9
409,13
410,1
410,2
410,3
410,4
410,6
410,9
410,13
410,14
410,15
411,1
411,2
411,3
411,4
411,5
411,6
411,7
411,8
411,9
412,1
412,2
412,3
412,4
412,6
412,7
412,9
412,14
413,1
413,2
413,4
413,9
413,13
414,1
414,2
414,3
414,4
414,6
414,8
414,9
414,13
414,14
415,1
415,2
415,3
415,4
415,6
415,8
415,9
415,13
416,1
416,2
416,4
416,6
416,7
416,8
416,13
417,1
417,2
417,3
417,4
417,5
417,9
417,13
418,1
418,3
418,4
418,5
418,6
418,9
418,10
418,13
418,14
419,1
419,2
419,3
419,6
419,9
419,13
419,14
420,1
420,2
420,3
420,4
420,6
420,8
420,9
420,11
420,13
420,14
421,1
421,3
421,5
421,6
421,8
421,9
421,13
422,1
422,2
422,4
422,8
422,13
422,14
423,1
423,2
423,4
423,6
423,7
423,8
423,9
423,13
423,14
424,1
424,2
424,3
424,4
424,5
424,8
424,9
424,13
425,4
425,6
425,9
425,13
426,2
426,3
426,4
426,6
426,8
426,9
426,13
426,14
427,1
427,2
427,3
427,4
427,6
427,8
427,9
427,13
428,1
428,3
428,4
428,6
428,9
428,13
429,2
429,4
429,5
429,6
429,8
429,13
429,14
430,1
430,4
430,5
430,6
430,9
430,12
430,13
431,1
431,2
431,3
431,4
431,6
431,8
431,13
432,1
432,2
432,3
432,4
432,6
432,8
432,9
432,13
432,15
433,1
433,2
433,4
433,6
433,8
433,9
433,13
434,1
434,2
434,4
434,6
434,9
434,11
434,13
434,14
435,1
435,2
435,4
435,5
435,6
435,8
435,13
435,15
436,1
436,4
436,6
436,8
436,10
436,12
436,13
437,1
437,2
437,3
437,5
437,6
437,8
437,9
437,13
438,2
438,3
438,4
438,6
438,8
438,9
438,13
438,14
439,1
439,3
439,8
439,13
439,14
440,2
440,3
440,4
440,8
440,13
440,14
441,1
441,2
441,5
441,6
441,13
441,14
441,15
442,1
442,2
442,4
442,6
442,8
442,10
442,13
443,1
443,2
443,4
443,6
443,8
443,13
444,1
444,2
444,3
444,4
444,5
444,6
444,8
444,9
444,13
445,1
445,2
445,6
445,8
445,9
445,10
445,12
445,13
445,14
446,1
446,3
446,4
446,5
446,6
446,8
446,13
447,1
447,2
447,4
447,6
447,7
447,9
447,13
448,1
448,2
448,3
448,4
448,5
448,6
448,9
448,13
449,1
449,3
449,4
449,6
449,9
449,13
449,14
450,1
450,3
450,4
450,6
450,9
450,13
451,2
451,4
451,6
451,8
451,13
451,14
452,1
452,2
452,3
452,6
452,8
452,9
452,13
453,1
453,2
453,4
453,5
453,6
453,9
453,13
454,1
454,2
454,4
454,6
454,7
454,8
454,10
454,13
454,14
455,2
455,4
455,6
455,13
455,14
456,1
456,2
456,3
456,4
456,5
456,6
456,9
456,10
457,1
457,3
457,4
457,5
457,6
457,8
457,13
457,15
458,2
458,6
458,13
459,1
459,2
459,3
459,6
459,9
459,13
459,14
460,2
460,3
460,4
460,6
460,9
460,12
460,13
460,14
461,1
461,2
461,4
461,5
461,8
461,9
461,11
461,13
461,14
461,15
462,1
462,2
462,3
462,4
462,6
462,9
462,13
462,14
463,1
463,2
463,4
463,5
463,6
463,9
463,10
463,13
464,1
464,3
464,6
464,9
464,13
465,4
465,6
465,8
465,9
465,13
466,1
466,3
466,4
466,6
466,8
466,9
466,11
467,1
467,2
467,3
467,6
467,8
467,9
467,14
468,2
468,4
468,5
468,6
468,7
468,8
468,9
468,13
468,14
469,1
469,4
469,5
469,6
469,13
470,1
470,2
470,3
470,4
470,5
470,6
470,8
470,11
470,13
471,2
471,3
471,4
471,6
471,8
471,9
471,13
471,15
472,3
472,4
472,8
472,9
472,13
473,1
473,4
473,5
473,6
473,8
473,13
474,1
474,3
474,4
474,5
474,6
474,8
474,9
474,13
475,2
475,3
475,4
475,5
475,6
475,8
475,13
475,14
476,1
476,4
476,6
476,13
477,1
477,2
477,4
477,13
477,14
477,15
478,3
478,4
478,6
478,8
478,9
479,1
479,4
479,5
479,13
480,1
480,2
480,4
480,5
480,8
480,11
480,13
480,14
481,1
481,3
481,8
481,9
481,13
482,1
482,4
482,6
482,9
482,11
482,13
482,14
483,1
483,4
483,6
483,8
483,9
483,13
483,14
484,1
484,2
484,3
484,4
484,8
484,9
484,10
484,13
484,14
485,1
485,3
485,4
485,8
485,9
485,13
485,14
486,1
486,2
486,4
486,6
486,8
486,9
486,13
487,1
487,2
487,3
487,6
487,8
487,9
487,10
487,13
487,14
487,15
488,1
488,2
488,3
488,4
488,5
488,6
488,8
488,9
488,13
488,14
489,2
489,4
489,6
489,9
489,13
490,1
490,4
490,8
490,9
490,13
490,14
491,1
491,2
491,3
491,6
491,8
491,9
491,13
491,14
492,1
492,2
492,3
492,6
492,8
492,13
493,1
493,2
493,4
493,6
493,8
493,9
493,13
494,1
494,3
494,6
494,8
494,9
494,13
495,1
495,2
495,3
495,6
495,8
495,9
496,1
496,2
496,6
496,9
496,11
496,13
497,1
497,2
497,4
497,6
497,8
497,9
497,11
497,13
498,1
498,3
498,4
498,6
498,8
498,9
498,13
499,1
499,2
499,3
499,4
499,5
499,6
499,7
499,13
500,1
500,2
500,3
500,4
500,8
500,9
500,13
500,14
501,1
501,2
501,3
501,4
501,6
501,8
501,9
501,13
501,14
502,1
502,3
502,4
502,6
502,9
502,10
502,11
502,13
503,1
503,2
503,3
503,4
503,5
503,6
503,8
503,9
503,13
504,4
504,6
504,9
504,11
504,13
504,14
505,1
505,2
505,3
505,4
505,6
505,7
505,8
505,9
505,11
505,13
505,14
506,1
506,3
506,4
506,6
506,9
506,13
506,14
507,3
507,4
507,8
507,9
507,13
508,2
508,4
508,5
508,8
508,9
508,10
508,11
508,13
509,1
509,3
509,4
509,6
509,8
509,9
509,10
509,13
509,14
509,15
510,1
510,2
510,4
510,5
510,6
510,8
510,9
510,13
511,1
511,2
511,3
511,4
511,6
511,8
511,9
511,12
511,13
512,1
512,2
512,4
512,6
512,9
512,14
513,1
513,2
513,3
513,4
513,6
513,8
513,11
513,12
513,13
514,1
514,2
514,3
514,4
514,6
514,8
514,13
515,1
515,2
515,3
515,4
515,5
515,6
515,9
515,13
515,14
516,1
516,4
516,5
516,6
516,14
517,5
517,6
517,8
517,9
517,13
517,14
518,1
518,3
518,6
518,7
518,8
518,9
518,13
518,14
519,1
519,3
519,4
519,6
519,8
519,13
519,15
520,1
520,2
520,4
520,6
520,8
520,9
520,13
520,14
521,1
521,2
521,4
521,6
521,8
521,13
522,1
522,3
522,4
522,6
522,8
522,9
522,13
523,1
523,2
523,3
523,4
523,6
523,9
523,13
523,14
524,1
524,3
524,4
524,5
524,6
524,9
524,10
524,13
524,14
524,15
525,1
525,3
525,6
525,8
525,9
525,11
525,12
525,13
526,1
526,2
526,3
526,4
526,5
526,6
526,8
526,9
526,12
526,13
527,5
527,6
527,8
527,9
527,10
527,13
527,15
528,1
528,2
528,4
528,5
528,7
528,8
528,13
528,14
529,1
529,2
529,4
529,6
529,9
529,13
530,2
530,4
530,5
530,6
530,9
530,10
530,13
530,14
531,1
531,2
531,4
531,13
532,1
532,2
532,3
532,4
532,6
532,7
532,9
532,13
533,1
533,3
533,4
533,6
533,8
533,9
533,13
533,14
534,2
534,4
534,13
534,14
535,1
535,3
535,4
535,8
535,9
535,13
535,14
536,1
536,2
536,3
536,4
536,9
536,10
536,12
536,13
537,1
537,3
537,5
537,6
537,8
537,13
538,1
538,2
538,3
538,4
538,6
538,7
538,9
538,13
538,14
539,1
539,2
539,3
539,9
539,12
539,13
540,1
540,2
540,4
540,6
540,8
540,9
540,13
540,14
541,1
541,2
541,5
541,6
541,8
541,9
541,13
541,14
542,1
542,2
542,3
542,4
542,6
542,9
542,13
543,1
543,3
543,5
543,6
543,9
543,13
544,1
544,2
544,4
544,6
544,8
544,9
544,13
544,14
545,1
545,2
545,3
545,5
545,6
545,10
545,13
546,1
546,2
546,4
546,5
546,6
546,8
546,9
546,13
546,14
547,1
547,2
547,3
547,4
547,5
547,6
547,8
547,9
547,14
548,3
548,4
548,5
548,6
548,8
548,9
548,10
548,13
549,1
549,2
549,3
549,4
549,6
549,8
549,9
550,1
550,2
550,3
550,6
550,9
550,13
550,14
551,1
551,2
551,4
551,6
551,7
551,13
552,1
552,3
552,4
552,5
552,6
552,8
552,9
552,11
552,13
553,2
553,5
553,6
553,8
553,13
554,1
554,2
554,4
554,5
554,6
554,7
554,8
554,9
554,13
555,1
555,2
555,3
555,4
555,5
555,6
555,8
555,9
555,11
555,12
555,13
555,14
556,2
556,3
556,4
556,5
556,6
556,8
556,9
556,13
557,1
557,3
557,4
557,8
557,13
557,14
557,15
558,2
558,3
558,4
558,6
558,7
558,8
558,9
558,13
559,4
559,6
559,8
559,13
559,14
560,2
560,3
560,4
560,6
560,8
560,9
560,13
561,1
561,2
561,3
561,4
561,6
561,8
561,9
561,13
561,14
562,1
562,4
562,8
562,12
563,1
563,3
563,4
563,8
563,9
563,11
563,12
563,13
564,2
564,4
564,6
564,9
564,13
565,1
565,2
565,3
565,4
565,8
565,9
565,11
565,13
565,14
566,1
566,4
566,6
566,8
566,13
566,14
567,1
567,3
567,6
567,8
567,13
568,1
568,3
568,5
568,9
568,10
568,12
568,13
568,15
569,1
569,2
569,4
569,6
569,8
569,9
569,11
569,13
570,1
570,2
570,3
570,4
570,6
570,7
570,8
570,9
570,13
571,2
571,3
571,5
571,6
571,8
571,9
571,13
571,14
572,1
572,3
572,4
572,6
572,8
572,13
572,14
573,1
573,6
573,8
573,9
573,13
574,1
574,2
574,4
574,5
574,6
574,8
574,13
575,1
575,2
575,3
575,4
575,6
575,8
575,9
575,13
576,3
576,6
576,9
576,10
576,13
576,14
577,1
577,2
577,3
577,4
577,6
577,8
577,13
577,14
578,1
578,2
578,3
578,6
578,8
578,9
578,13
578,14
579,1
579,4
579,6
579,9
580,1
580,2
580,3
580,4
580,6
580,8
580,13
580,14
581,1
581,2
581,4
581,8
581,9
581,13
581,15
582,1
582,2
582,3
582,4
582,5
582,6
582,8
582,11
582,13
582,14
583,1
583,3
583,5
583,6
583,7
583,13
583,14
584,1
584,2
584,3
584,4
584,6
584,8
584,13
585,1
585,6
585,7
585,8
585,9
585,12
585,13
586,2
586,3
586,4
586,6
586,8
586,9
586,13
586,14
587,2
587,3
587,4
587,7
587,8
587,9
587,13
587,14
588,4
588,12
588,13
589,1
589,3
589,4
589,6
589,9
589,13
589,14
590,2
590,3
590,4
590,8
590,9
590,13
591,2
591,3
591,4
591,8
591,9
591,13
591,14
592,1
592,2
592,4
592,6
592,13
592,14
593,1
593,2
593,5
593,6
593,8
593,9
593,13
593,14
594,1
594,2
594,3
594,4
594,6
594,8
594,13
594,15
595,1
595,2
595,6
595,9
595,13
595,14
596,1
596,4
596,6
596,8
596,9
596,13
597,1
597,4
597,6
597,8
597,12
597,13
597,14
598,3
598,6
598,9
598,13
599,1
599,3
599,6
599,8
599,9
599,15
600,1
600,3
600,4
600,8
600,9
600,11
600,13
601,1
601,2
601,4
601,9
601,13
601,14
602,3
602,4
602,6
602,8
602,12
602,13
603,1
603,4
603,5
603,6
603,8
603,9
603,13
603,14
604,1
604,2
604,4
604,5
604,9
604,13
604,14
605,1
605,3
605,4
605,6
605,8
605,13
605,14
606,1
606,2
606,3
606,4
606,6
606,9
606,13
606,15
607,1
607,2
607,3
607,4
607,6
607,9
607,11
607,13
608,1
608,2
608,3
608,4
608,6
608,8
608,12
608,13
609,1
609,2
609,4
609,8
609,9
609,13
610,2
610,3
610,4
610,9
610,13
610,14
611,1
611,3
611,4
611,6
611,8
611,9
611,13
611,14
612,1
612,2
612,3
612,4
612,5
612,6
612,8
612,13
613,1
613,2
613,3
613,6
613,8
613,9
613,13
613,14
614,2
614,3
614,6
614,8
614,9
614,13
614,14
615,1
615,3
615,4
615,6
615,8
615,9
615,13
615,15
616,1
616,2
616,3
616,5
616,9
616,13
616,14
617,1
617,4
617,6
617,8
617,9
617,13
618,1
618,2
618,4
618,6
618,8
618,9
618,13
619,1
619,3
619,4
619,6
619,8
619,9
619,13
620,1
620,2
620,3
620,4
620,5
620,6
620,9
620,13
621,1
621,2
621,3
621,4
621,6
621,8
621,10
621,13
622,2
622,3
622,6
622,8
622,9
622,13
623,1
623,2
623,3
623,4
623,6
623,9
623,13
624,1
624,3
624,4
624,6
624,9
624,13
625,1
625,2
625,13
625,14
626,1
626,2
626,3
626,4
626,6
626,9
626,13
627,1
627,2
627,4
627,6
627,8
627,13
627,14
628,2
628,3
628,4
628,6
628,7
628,13
628,14
629,1
629,2
629,5
629,6
629,8
629,9
629,11
629,13
629,14
630,1
630,4
630,5
630,6
630,9
630,15
631,2
631,4
631,8
632,1
632,4
632,6
632,9
632,11
632,13
633,1
633,2
633,4
633,5
633,6
633,13
634,1
634,3
634,4
634,6
634,8
634,9
634,13
635,1
635,2
635,3
635,4
635,5
635,6
635,7
635,8
635,13
635,14
636,4
636,8
636,9
637,1
637,2
637,4
637,5
637,6
637,9
637,13
637,14
638,1
638,4
638,6
638,13
639,1
639,2
639,3
639,5
639,6
639,9
639,13
640,1
640,2
640,3
640,4
640,6
640,9
640,13
641,1
641,2
641,3
641,4
641,6
641,13
642,1
642,2
642,4
642,6
642,8
643,1
643,2
643,4
643,6
643,8
643,9
643,13
643,14
644,3
644,4
644,6
644,8
644,13
644,14
645,1
645,2
645,6
645,8
645,9
645,13
646,3
646,4
646,9
646,13
646,14
647,1
647,2
647,4
647,6
647,8
647,9
647,13
648,1
648,3
648,4
648,6
648,8
648,9
648,13
649,1
649,3
649,4
649,6
649,8
649,11
649,13
649,15
650,2
650,3
650,4
650,5
650,6
650,8
650,9
650,13
650,14
650,15
651,1
651,2
651,3
651,4
651,6
651,8
651,9
651,13
652,2
652,4
652,6
652,8
652,9
652,13
652,14
652,15
653,1
653,2
653,3
653,4
653,5
653,7
653,8
653,9
653,13
654,1
654,3
654,4
654,6
654,9
654,13
655,4
655,6
655,8
655,13
655,14
656,1
656,2
656,3
656,4
656,6
656,8
656,12
656,13
657,1
657,2
657,4
657,6
657,8
657,13
658,1
658,2
658,3
658,4
658,6
658,7
658,8
658,13
658,14
659,1
659,2
659,3
659,4
659,6
659,8
659,9
659,13
659,14
659,15
660,2
660,4
660,5
660,6
660,9
660,13
660,14
661,2
661,3
661,4
661,6
661,8
661,9
661,12
661,13
661,14
662,1
662,2
662,4
662,6
662,7
662,9
662,13
663,2
663,3
663,4
663,6
663,8
663,9
663,10
663,13
663,14
664,1
664,2
664,3
664,4
664,6
664,8
664,9
664,12
664,13
664,14
665,1
665,2
665,4
665,6
665,7
665,8
665,11
665,13
665,14
666,1
666,2
666,3
666,4
666,6
666,13
667,1
667,2
667,3
667,4
667,5
667,6
667,8
667,9
667,13
667,14
668,1
668,2
668,4
668,6
668,8
668,13
668,14
669,1
669,3
669,4
669,6
669,8
669,9
669,13
670,2
670,5
670,6
670,8
670,9
670,13
671,1
671,3
671,4
671,6
671,8
671,13
671,14
672,1
672,2
672,3
672,5
672,6
672,8
672,9
672,13
673,1
673,3
673,4
673,5
673,9
673,13
673,14
673,15
674,1
674,5
674,6
674,8
674,9
674,10
674,13
675,1
675,2
675,4
675,6
675,8
675,9
675,13
676,4
676,6
676,8
676,9
676,13
677,1
677,3
677,4
677,6
677,8
677,9
677,13
677,14
678,1
678,2
678,4
678,5
678,6
678,9
678,13
678,14
679,1
679,2
679,4
679,5
679,6
679,8
679,9
679,13
680,1
680,2
680,4
680,6
680,9
680,13
681,1
681,3
681,4
681,5
681,6
681,13
682,1
682,2
682,5
682,6
682,8
682,9
682,13
683,1
683,2
683,3
683,4
683,6
683,8
683,9
683,14
684,2
684,3
684,6
684,8
684,9
684,13
684,14
685,3
685,4
685,6
685,8
685,9
685,11
685,13
685,14
686,3
686,4
686,5
686,6
686,9
686,11
686,13
687,1
687,2
687,4
687,6
687,7
687,9
687,10
687,13
687,14
688,3
688,4
688,5
688,6
688,8
688,9
688,13
689,1
689,2
689,3
689,4
689,5
689,6
689,7
689,8
689,9
690,4
690,6
690,8
690,9
690,13
691,1
691,2
691,4
691,6
691,8
691,12
691,13
692,1
692,2
692,4
692,6
692,9
692,13
692,14
693,1
693,4
693,5
693,6
693,13
694,1
694,2
694,3
694,6
694,8
694,9
694,13
695,1
695,2
695,3
695,4
695,8
695,9
695,11
695,13
695,14
696,1
696,6
696,8
696,9
696,13
696,15
697,1
697,2
697,3
697,4
697,6
697,7
697,13
698,1
698,6
698,8
698,9
698,13
699,2
699,3
699,5
699,6
699,8
699,13
700,1
700,3
700,4
700,5
700,12
700,13
700,15
701,3
701,4
701,5
701,6
701,9
701,12
701,13
702,1
702,2
702,4
702,6
702,8
702,13
702,15
703,1
703,2
703,3
703,4
703,8
703,13
703,14
704,1
704,2
704,3
704,4
704,6
704,8
704,9
704,10
704,13
704,14
705,1
705,2
705,3
705,4
705,6
705,8
705,10
705,13
706,1
706,4
706,5
706,6
706,8
706,9
706,11
706,13
707,1
707,4
707,6
707,8
707,13
707,14
707,15
708,1
708,2
708,3
708,4
708,6
708,8
708,13
709,1
709,2
709,4
709,5
709,6
709,8
709,9
709,12
709,13
709,14
710,2
710,3
710,4
710,6
710,8
710,13
710,14
711,1
711,2
711,3
711,4
711,6
711,8
711,9
711,14
712,1
712,2
712,3
712,6
712,7
712,8
712,9
712,13
713,1
713,2
713,3
713,4
713,6
713,8
713,9
713,13
713,14
714,1
714,3
714,6
714,8
714,9
714,12
714,13
715,1
715,2
715,3
715,4
715,6
715,8
715,9
715,13
716,2
716,6
716,8
716,14
717,1
717,3
717,4
717,6
717,8
717,9
717,13
717,14
718,1
718,4
718,6
718,9
718,13
719,1
719,3
719,4
719,13
719,14
720,1
720,2
720,4
720,5
720,6
720,8
720,9
720,13
720,14
721,1
721,3
721,5
721,8
721,9
721,10
721,14
722,1
722,2
722,3
722,4
722,5
722,6
722,8
722,9
722,13
723,1
723,2
723,6
723,8
723,9
723,13
723,14
724,1
724,2
724,3
724,4
724,5
724,6
724,8
724,9
724,13
725,2
725,3
725,6
725,8
725,9
725,13
726,2
726,4
726,5
726,6
726,8
726,9
726,13
727,1
727,2
727,4
727,5
727,6
727,8
727,12
727,13
727,14
728,1
728,2
728,3
728,4
728,7
728,8
728,9
728,11
728,13
728,15
729,1
729,2
729,3
729,4
729,6
729,8
729,9
729,13
730,1
730,2
730,3
730,4
730,6
730,9
730,13
730,14
730,15
731,1
731,2
731,3
731,4
731,6
731,8
731,9
731,13
731,14
731,15
732,2
732,3
732,4
732,5
732,7
732,8
732,9
732,11
732,13
732,15
733,1
733,2
733,3
733,4
733,6
733,9
733,13
733,14
734,1
734,2
734,3
734,4
734,6
734,8
734,9
734,13
734,14
735,2
735,3
735,4
735,5
735,6
735,8
735,13
736,1
736,3
736,6
736,8
736,9
736,13
736,15
737,1
737,2
737,3
737,4
737,5
737,6
737,8
737,9
737,13
738,1
738,2
738,5
738,6
738,8
738,9
739,1
739,2
739,4
739,8
739,9
739,13
739,14
740,1
740,2
740,4
740,6
740,8
740,9
740,13
741,2
741,6
741,8
741,9
741,13
741,15
742,1
742,2
742,3
742,4
742,6
742,8
742,9
742,11
742,13
743,6
743,8
743,9
743,13
744,1
744,2
744,4
744,5
744,8
744,9
744,12
744,13
744,14
745,1
745,2
745,6
745,7
745,9
745,13
745,14
746,1
746,2
746,3
746,4
746,6
746,8
746,13
747,1
747,4
747,9
747,13
748,1
748,2
748,4
748,6
748,9
748,13
749,1
749,2
749,3
749,4
749,6
749,8
749,9
749,11
749,13
749,14
750,1
750,2
750,4
750,6
750,8
750,13
750,14
751,1
751,2
751,4
751,6
751,8
751,9
751,13
751,14
752,1
752,4
752,5
752,6
752,8
752,9
752,13
752,14
752,15
753,1
753,2
753,3
753,4
753,5
753,6
753,8
753,9
753,10
753,12
753,13
753,14
754,1
754,5
754,6
754,8
754,9
754,10
754,11
754,13
755,1
755,2
755,4
755,6
755,8
755,9
755,13
755,14
755,15
756,1
756,4
756,5
756,6
756,8
756,13
756,14
756,15
757,1
757,2
757,3
757,6
757,8
757,9
757,11
757,13
757,14
757,15
758,1
758,2
758,4
758,5
758,6
758,8
758,12
758,13
759,2
759,3
759,5
759,8
759,9
759,12
759,13
760,1
760,2
760,3
760,5
760,6
760,9
761,1
761,2
761,3
761,4
761,8
761,9
761,11
762,1
762,2
762,3
762,4
762,6
762,8
762,13
763,1
763,4
763,6
763,8
763,9
763,13
764,1
764,2
764,3
764,4
764,5
764,6
764,9
764,13
764,14
765,1
765,2
765,3
765,4
765,6
765,7
765,14
766,2
766,4
766,5
766,6
766,8
766,9
766,10
766,13
766,14
767,1
767,2
767,4
767,6
767,13
767,14
768,1
768,2
768,4
768,6
768,8
768,9
768,13
769,2
769,3
769,4
769,5
769,6
769,8
769,9
769,13
770,2
770,4
770,6
770,8
770,9
770,13
771,1
771,2
771,3
771,4
771,6
771,8
771,9
771,13
771,14
772,1
772,2
772,3
772,4
772,6
772,13
773,2
773,4
773,6
773,8
773,9
774,1
774,2
774,3
774,6
774,9
774,14
775,4
775,6
775,8
775,9
775,13
776,1
776,2
776,3
776,4
776,6
776,13
777,1
777,2
777,3
777,4
777,6
777,9
777,12
777,13
777,14
778,1
778,2
778,3
778,6
778,8
778,9
778,11
778,13
779,4
779,6
779,8
779,9
779,10
779,13
780,1
780,2
780,3
780,4
780,8
780,9
780,13
781,1
781,2
781,3
781,4
781,6
781,7
781,8
781,12
781,13
781,14
782,1
782,2
782,9
782,13
783,1
783,2
783,4
783,5
783,6
783,13
783,14
784,2
784,3
784,4
784,6
784,9
784,13
785,1
785,2
785,3
785,13
785,14
786,1
786,4
786,5
786,6
786,8
786,9
786,13
787,1
787,2
787,3
787,4
787,5
787,6
787,8
787,9
787,10
787,13
788,1
788,2
788,4
788,6
788,8
788,9
788,13
789,1
789,2
789,3
789,4
789,5
789,6
789,11
789,13
790,1
790,3
790,4
790,5
790,6
790,8
790,12
790,13
791,1
791,4
791,6
791,8
791,9
791,13
792,1
792,2
792,3
792,4
792,6
792,8
792,11
792,13
793,1
793,2
793,3
793,6
793,7
793,9
793,13
793,14
793,15
794,2
794,4
794,6
794,7
794,8
794,9
794,13
795,1
795,4
795,8
795,9
795,13
795,14
796,1
796,2
796,3
796,4
796,6
796,8
796,9
796,13
797,1
797,2
797,4
797,6
797,8
797,9
797,13
798,1
798,2
798,4
798,6
798,8
798,9
798,13
799,1
799,2
799,3
799,4
799,6
799,7
799,8
799,13
800,2
800,3
800,4
800,7
800,8
800,13
801,1
801,4
801,6
801,7
801,9
801,13
801,14
802,1
802,3
802,6
802,8
802,9
802,14
803,1
803,2
803,3
803,4
803,5
803,6
803,9
803,13
803,14
804,1
804,2
804,3
804,4
804,6
804,7
804,9
804,13
804,14
805,1
805,2
805,3
805,6
805,8
805,13
805,14
806,1
806,2
806,3
806,4
806,5
806,6
806,8
806,9
806,13
806,14
807,1
807,3
807,4
807,6
807,7
807,8
807,9
807,13
808,1
808,3
808,5
808,6
808,8
808,9
808,11
808,13
808,15
809,3
809,4
809,6
809,8
809,13
809,15
810,3
810,4
810,9
810,13
810,14
811,3
811,4
811,6
811,12
811,13
811,15
812,1
812,2
812,3
812,6
812,8
812,9
812,12
812,13
812,14
813,1
813,2
813,6
813,13
813,14
814,1
814,4
814,6
814,13
815,1
815,3
815,4
815,6
815,9
815,13
816,1
816,3
816,4
816,6
816,8
816,9
816,13
816,14
817,1
817,2
817,3
817,4
817,5
817,6
817,9
817,11
817,13
817,14
818,1
818,2
818,4
818,6
818,7
818,8
818,9
818,13
818,14
819,1
819,2
819,3
819,4
819,5
819,6
819,8
819,9
819,14
819,15
820,1
820,3
820,5
820,6
820,8
820,13
820,14
821,1
821,2
821,3
821,6
821,13
822,1
822,2
822,9
822,13
822,15
823,1
823,3
823,4
823,5
823,6
823,8
823,9
823,12
823,13
823,14
824,1
824,3
824,4
824,6
824,7
824,9
824,13
824,14
825,1
825,3
825,4
825,6
825,8
825,13
825,14
826,1
826,2
826,3
826,4
826,6
826,8
826,9
826,13
827,1
827,3
827,4
827,6
827,7
827,8
827,12
827,13
827,14
828,1
828,2
828,4
828,6
828,8
828,9
828,13
829,2
829,3
829,4
829,6
829,8
829,9
829,12
829,13
829,14
830,1
830,3
830,4
830,6
830,8
830,9
830,10
830,13
831,2
831,4
831,7
831,8
831,9
831,10
831,13
831,15
832,1
832,2
832,6
832,8
832,9
832,11
832,13
832,14
832,15
833,2
833,4
833,5
833,6
833,8
833,9
833,10
834,1
834,2
834,4
834,8
834,9
834,11
834,13
835,1
835,3
835,4
835,9
835,13
836,1
836,5
836,6
836,8
836,13
837,1
837,2
837,3
837,4
837,6
837,9
837,13
837,14
838,1
838,2
838,3
838,4
838,6
838,8
838,9
838,13
839,2
839,3
839,4
839,6
839,9
839,13
839,14
840,2
840,4
840,5
840,6
840,7
840,8
840,9
840,13
841,2
841,3
841,4
841,6
841,9
841,13
842,1
842,2
842,3
842,4
842,6
842,8
842,9
842,10
842,13
843,1
843,2
843,4
843,6
843,8
843,9
843,13
843,14
844,1
844,2
844,3
844,4
844,6
844,13
845,2
845,4
845,5
845,6
845,8
845,13
845,14
845,15
846,1
846,2
846,3
846,4
846,5
846,6
846,8
846,9
846,13
846,14
847,2
847,3
847,4
847,6
847,9
847,13
847,14
848,1
848,2
848,6
848,9
848,13
849,1
849,2
849,4
849,5
849,6
849,9
849,10
849,13
850,2
850,4
850,6
850,9
850,12
850,13
851,1
851,4
851,6
851,8
851,9
852,1
852,2
852,4
852,5
852,6
852,8
852,13
852,14
852,15
853,2
853,4
853,6
853,8
853,9
853,11
853,12
853,13
854,1
854,4
854,6
854,8
854,9
854,10
854,13
854,14
855,1
855,2
855,3
855,4
855,5
855,6
855,13
855,14
855,15
856,1
856,2
856,3
856,6
856,8
856,9
856,13
856,14
857,1
857,2
857,3
857,4
857,6
857,9
857,13
858,1
858,4
858,6
858,8
858,13
859,1
859,3
859,4
859,6
859,8
859,13
859,14
860,1
860,2
860,3
860,4
860,6
860,8
860,10
860,13
861,1
861,2
861,9
861,13
861,14
862,1
862,5
862,6
862,9
862,13
863,2
863,3
863,6
863,8
863,9
863,10
863,14
864,1
864,2
864,4
864,5
864,6
864,8
864,9
864,10
864,13
865,1
865,2
865,6
865,8
865,13
865,14
866,1
866,2
866,4
866,6
866,8
866,9
866,13
867,1
867,2
867,4
867,6
867,8
867,13
868,1
868,2
868,4
868,6
868,7
868,8
868,9
868,13
868,14
869,1
869,2
869,3
869,4
869,6
869,8
869,9
869,13
870,2
870,6
870,8
870,9
870,13
871,2
871,4
871,9
871,13
871,14
872,1
872,4
872,6
872,9
872,13
872,14
873,2
873,3
873,6
873,8
873,14
873,15
874,1
874,3
874,4
874,6
874,8
874,9
874,11
874,12
874,13
875,1
875,2
875,3
875,4
875,6
875,8
875,14
876,2
876,4
876,9
877,1
877,2
877,3
877,4
877,8
877,9
877,13
877,14
877,15
878,1
878,4
878,5
878,6
878,8
878,9
878,11
878,13
878,15
879,1
879,2
879,3
879,4
879,6
879,8
879,9
879,13
879,14
880,2
880,4
880,8
880,9
880,13
881,3
881,4
881,6
881,9
881,12
881,13
881,15
882,1
882,2
882,4
882,6
882,8
882,9
882,13
883,2
883,4
883,5
883,6
883,8
883,9
883,12
883,13
883,14
884,1
884,2
884,6
884,13
884,14
885,1
885,3
885,4
885,6
885,8
885,9
885,13
886,1
886,2
886,5
886,6
886,13
887,1
887,4
887,5
887,6
887,8
887,9
887,12
887,14
888,1
888,3
888,4
888,6
888,8
888,9
889,1
889,2
889,3
889,4
889,8
889,9
889,13
890,1
890,2
890,3
890,4
890,6
890,8
890,9
890,10
890,13
890,15
891,1
891,4
891,6
891,8
891,9
891,13
891,14
892,1
892,2
892,3
892,4
892,6
892,7
892,8
892,9
892,12
893,1
893,2
893,4
893,8
893,13
894,2
894,3
894,4
894,6
894,8
894,13
895,1
895,2
895,3
895,4
895,6
895,8
895,9
895,12
895,13
896,1
896,2
896,4
896,6
896,7
896,13
896,14
897,1
897,2
897,4
897,5
897,6
897,9
897,13
898,1
898,2
898,3
898,6
898,8
898,10
898,13
899,1
899,2
899,3
899,5
899,8
899,9
899,11
899,13
899,15
900,2
900,3
900,5
900,6
900,8
900,9
900,14
901,1
901,2
901,3
901,4
901,6
901,8
901,13
901,14
902,1
902,2
902,4
902,5
902,8
902,9
902,10
902,13
903,1
903,3
903,4
903,6
903,8
903,13
904,2
904,3
904,4
904,6
904,8
904,9
904,10
904,13
904,14
905,1
905,3
905,5
905,8
905,12
905,13
905,14
905,15
906,1
906,2
906,3
906,6
906,8
906,9
906,13
907,1
907,4
907,6
907,8
907,10
907,13
907,14
908,2
908,3
908,4
908,5
908,8
908,9
908,13
909,1
909,3
909,8
909,13
909,14
910,1
910,2
910,6
910,9
910,14
911,1
911,2
911,4
911,6
911,8
911,13
912,1
912,2
912,4
912,6
912,8
912,9
912,13
913,1
913,2
913,3
913,5
913,6
913,8
913,9
913,13
914,1
914,2
914,3
914,4
914,9
914,13
914,14
915,1
915,3
915,6
915,8
915,9
915,13
916,1
916,2
916,3
916,5
916,12
916,13
917,1
917,2
917,3
917,4
917,6
917,8
917,12
917,13
918,1
918,2
918,3
918,4
918,6
918,8
918,9
918,13
919,1
919,2
919,3
919,4
919,6
919,9
919,13
919,14
920,1
920,2
920,5
920,6
920,8
920,9
920,10
920,13
921,1
921,2
921,3
921,4
921,5
921,6
921,8
921,9
921,13
921,14
922,1
922,3
922,5
922,6
922,9
922,11
922,13
923,1
923,3
923,4
923,5
923,6
923,8
923,9
923,13
923,14
924,1
924,3
924,4
924,5
924,6
924,7
924,8
924,13
924,14
925,1
925,3
925,5
925,6
925,8
925,12
925,13
926,1
926,2
926,3
926,4
926,6
926,8
926,13
926,14
927,2
927,4
927,5
927,6
927,9
927,11
927,13
928,1
928,4
928,5
928,6
928,8
928,11
928,15
929,1
929,4
929,5
929,8
929,13
930,1
930,2
930,4
930,7
930,9
930,12
931,1
931,3
931,4
931,6
931,8
931,9
931,13
931,15
932,3
932,4
932,5
932,6
932,8
932,9
932,13
933,2
933,3
933,4
933,9
933,13
933,14
934,1
934,2
934,3
934,6
934,8
934,9
934,12
935,1
935,2
935,3
935,5
935,6
935,8
935,9
935,13
936,1
936,2
936,3
936,4
936,8
936,9
936,13
936,14
937,1
937,3
937,4
937,6
937,13
937,14
938,2
938,4
938,6
938,8
938,9
938,12
938,13
938,14
939,1
939,2
939,3
939,4
939,6
939,8
939,9
939,12
939,13
940,1
940,3
940,6
940,9
940,13
940,14
941,1
941,2
941,3
941,6
941,8
941,9
941,13
942,1
942,2
942,4
942,8
942,9
942,12
942,13
943,4
943,5
943,6
943,9
943,11
943,13
944,1
944,2
944,3
944,4
944,6
944,10
944,13
945,1
945,3
945,5
945,6
945,8
945,9
945,13
946,1
946,2
946,4
946,8
946,11
946,13
947,1
947,2
947,4
947,5
947,6
947,8
947,9
947,13
947,15
948,1
948,3
948,4
948,6
948,7
948,8
948,9
949,1
949,2
949,3
949,4
949,8
950,1
950,2
950,4
950,5
950,6
950,7
950,8
950,9
950,10
950,12
950,13
951,3
951,4
951,5
951,6
951,8
951,9
951,13
952,1
952,3
952,4
952,6
952,11
952,13
952,14
953,1
953,4
953,6
953,8
953,9
953,13
953,14
954,1
954,2
954,4
954,8
954,9
954,13
954,14
954,15
955,1
955,3
955,4
955,6
955,8
955,9
955,13
956,2
956,4
956,6
956,11
956,13
957,1
957,2
957,3
957,4
957,5
957,6
957,8
957,9
957,12
957,13
957,14
958,1
958,4
958,6
958,8
958,9
958,10
958,13
959,2
959,4
959,6
959,8
959,13
959,14
959,15
960,1
960,2
960,3
960,4
960,8
960,9
960,13
960,14
961,1
961,2
961,4
961,6
961,9
961,13
961,14
961,15
962,6
962,8
962,9
962,13
963,2
963,3
963,4
963,6
963,8
963,14
964,1
964,3
964,4
964,6
964,7
964,8
964,9
964,10
964,14
