Network stretch 1
(1|248,6685841570928|110,74397718102855)(2|251,06988996977225|128,29652249247897)(3|253,33108046209404|141,6472266477678)(4|254,80493691095984|158,00552033299874)(5|258,7584469413012|170,60071125706682)(6|260,5888778367216|187,04804887136152)(7|267,3699277950505|202,6834155479105)(8|270,4882841592017|213,16319085783667)(9|271,2044292621944|231,12839969033195)(10|275,2958587608756|243,54390501131218)(11|283,2709858429977|256,9082245916342)(12|290,4807239466007|264,0329064931831)(13|301,4273623640438|279,05501966249244)(14|306,1893924710474|293,5451659843299)(15|309,2347681692551|310,1797415851155)(16|314,6579038236802|326,03180670942356)(17|316,6934695758392|338,3093945776387)(18|316,0739435194048|349,9872456386402)(19|311,2716627862237|363,086120653151)(20|309,1364886295976|373,724359471106)(21|305,3036702427015|389,6598942408994)(22|301,3209920893153|401,13645420891186)(23|291,978865348173|413,48886917695984)(24|281,72505842470036|429,19651313821834)(25|274,52282871418083|437,52343105404)(26|258,5406295014139|448,79977375359414)(27|241,08749991985957|457,4436915361139)(28|228,51750603029288|461,5026687982873)(29|215,17591947579314|464,1523986293466)(30|206,14228225461585|468,6155084651909)(31|189,73413963123062|477,2999207071678)(32|181,02633653350387|482,7324116608741)(33|164,27188925380858|491,10423049124506)(34|153,716091098961|494,92002500123436)(35|139,1833388957044|497,4412914856054)(36|126,21563322481356|498,9934500001518)(37|113,67536714812874|497,5139983482665)(38|102,77963348084259|493,10110658611706)(39|87,436732071134|480,33460714668007)(40|72,74674653634239|472,79272177729456)(41|53,972668451225914|467,83531666927183)(42|42,76574548989041|464,7913884543759)(43|32,16600132499457|460,83572573039635)(44|22,575154724675876|453,57370026492356)(45|8,65722661200323|448,7251330712901)
Network stretch 2
(46|912,2044969872593|54,19014722769621)(47|912,8815600823666|66,19658876861354)(48|915,6278075535073|76,67881221235815)(49|916,5890074768707|89,0187597051033)(50|915,1321709313997|101,35124585592457)(51|910,3768308072156|116,64064647854455)(52|903,6489396612943|132,06587807326704)(53|893,4875148355713|143,5696645253972)(54|879,5841683297078|156,14770664690946)(55|867,3009495301848|169,6725935542081)(56|856,9946879555596|185,0990032567982)(57|852,7222057066947|197,27235161708978)(58|851,5170199761606|211,02843685474525)(59|848,6127169161884|225,83339734755432)(60|846,1336514575872|239,47129662976488)(61|847,6971605950763|256,64592365931765)(62|851,4675539346058|269,13154300251875)(63|853,240769792455|283,1229270297252)(64|851,2279642881748|296,41814489365623)(65|846,4938518371862|308,78858742475694)(66|835,1276078146433|323,04351558898793)(67|826,376647263726|332,98062414365256)(68|820,45853906483|342,2055133656076)(69|808,5989558602714|356,0285868508454)(70|795,9742113351515|368,7080906171098)(71|788,2377270539029|375,2149647727015)(72|772,9358506495123|387,296270225727)(73|763,9849047997219|399,26797504694133)(74|752,2670024103531|411,1339511276198)(75|740,2894314994455|426,3940250907422)(76|726,5806451903653|439,8489379143197)(77|720,898770394182|449,3972590180077)(78|712,1697422775851|459,816254757151)(79|700,0841469684781|474,329323066465)(80|689,2897407309198|482,90710482886254)(81|680,5238026538594|491,1468944331687)(82|670,4663608381935|499,3244568949642)(83|657,5209411609462|508,7025934207192)(84|642,88515824534|514,8285871608454)(85|634,0217794369988|522,1580694259869)(86|620,7516976264113|533,0879836221555)(87|612,4787226395335|540,6496577969434)(88|606,0281764586874|548,6790633064592)(89|597,4706654496049|559,9465918271425)(90|584,6098747001715|572,1053177785407)(91|576,6030555646266|579,4873836198402)(92|566,1982845590195|584,9837757796328)(93|557,069778500595|592,3379983870842)(94|546,9360375829502|597,4104388139159)(95|536,5881179059141|604,1354183695338)
Network stretch 3
(96|87,30472721499612|209,09900693646586)(97|84,9775433412135|224,66180929409686)(98|81,71318477919581|234,1484923830585)(99|72,97319674138787|246,19583406905565)(100|65,84136255281746|262,4564731064371)(101|62,30693865406019|273,3138419632444)(102|56,14391129369157|288,6806284196547)(103|50,796760193787165|304,75405189068096)(104|49,020433349166545|315,74853504981934)(105|49,319686512521116|329,6906628630963)(106|50,35286326717007|344,4799250629739)(107|49,56950630831531|355,7670844045015)(108|43,814688475492964|371,5627527586905)(109|37,72706980433632|380,1087337075769)(110|30,392188204920604|392,7028594368554)(111|17,34013442490069|406,24772249737924)(112|6,257658874535926|422,0437017033165)
Network stretch 4
(113|84,5748610257054|115,00067781424181)(114|95,36074250875676|111,74094878020036)(115|107,40619457275129|110,99132295286081)(116|120,04794147240072|112,10313839481037)(117|135,20580613421436|116,8275804841403)(118|151,6386363721569|126,64537441220737)(119|162,89817485162376|131,03595609781544)(120|181,46883310495846|132,2713938289208)(121|197,61811066049572|132,54846970691722)(122|217,04822338311885|134,2730609518127)(123|231,63894360362437|136,23553915111893)(124|251,06988996977225|128,29652249247897)
Network stretch 5
(125|159,88922173152176|662,3908601060467)(126|144,4757021142172|657,4185176093102)(127|127,61034726717538|648,754629632797)(128|108,76613474853899|644,372789368987)(129|93,01196162950737|641,4372599722552)(130|79,0584529227541|642,2644260030745)(131|64,40452915643687|642,3503174308977)(132|51,97954321310155|643,1895549364084)(133|34,20898095394848|643,5285407220704)(134|19,770081428519937|647,9201843631554)(135|6,5457728616573|649,617460617929)
Network stretch 6
(136|839,3439021144732|386,85719314350615)(137|841,6676344841111|403,0726370952092)(138|844,3358084865093|415,28225232023374)(139|842,8979802746219|432,33566245102804)(140|842,8647917099946|443,5100800365819)(141|846,3823796244504|456,832783066519)(142|846,0642008008816|468,5482909868225)(143|841,4722508922953|486,22827951648253)(144|840,3170602544094|498,2796459578879)(145|833,8553228915156|515,4786379365613)(146|832,2638867397579|528,1659244241738)(147|833,3332377649721|546,9454594855684)(148|834,5049157529259|561,2519932409289)(149|833,1388421359783|576,9021791977184)(150|829,5945057149312|587,2682972636686)(151|819,8185985684948|601,3701283037364)(152|811,1719715067162|612,8597389677634)(153|801,864474270148|622,2148650032368)(154|785,3368580876946|630,9268227509602)(155|769,6556815362121|635,5204263166606)(156|750,1985199193532|636,541268025805)(157|736,4517625154745|634,3523694843768)(158|724,7115194267741|631,6018558197273)(159|707,9594385060558|632,8742674237064)(160|690,6731396327815|635,7314619926767)(161|677,183275866214|638,170348600782)(162|657,6941994113032|637,2908721909063)(163|642,0599424362563|632,9022883537654)(164|625,1372969746689|630,0732500924739)(165|612,9910750191864|625,2082591608249)(166|597,3855188484357|621,0788302772335)(167|582,9745720522242|620,5708328218267)(168|565,6117851466231|625,2040458580273)(169|554,9772603321167|628,0956787197448)(170|539,716244950428|634,3928753503454)(171|530,2733340207778|640,9598992227817)(172|520,217353872101|646,7070013407085)(173|507,0369546450824|660,6141050951276)(174|493,7429813748821|674,5251698097843)(175|487,9093503171795|682,8028520698217)(176|481,05281372704945|694,1484196542472)(177|472,48658556516784|707,0001979644147)(178|460,12045147618073|716,9084350119258)(179|447,9627376667147|726,8239261618418)(180|441,9283387007597|736,0891532143173)(181|435,6970613471505|751,8829058091808)(182|432,3780457973629|764,7303614897951)(183|425,7090425522616|779,880314684699)(184|420,53441362369296|792,9302366807508)(185|416,4549015835275|806,9128472767679)
Network stretch 7
(186|698,0698763849539|784,3577227482375)(187|712,4838611953214|781,5484654976847)(188|730,3908140309668|781,9956210849898)(189|742,9667703402135|781,2916162245081)(190|759,0538738009179|775,4905249774177)(191|769,3449550166956|768,3255321760084)(192|786,4614196511963|759,025084343079)(193|798,2800737833136|752,0604734113564)(194|806,0703804174022|744,5479931964563)(195|819,6535451544895|734,184009238502)(196|829,0622349849107|730,1742455464941)(197|842,4306212898122|719,9928711934689)(198|850,2485628118593|713,7527203903469)(199|858,2753278193164|702,6259649129867)(200|874,0058029254794|691,1153931700748)(201|881,8418923897264|682,9186580166846)(202|895,5825034672961|674,8868950055077)(203|906,028751379339|667,4207555871933)(204|922,2072155812397|656,5987125490444)(205|938,4838951697163|646,4791028755075)(206|956,5458328093259|641,8124798878766)(207|969,7037879641582|640,2875992290622)(208|984,266491849946|641,9016830887575)(209|995,4545734436025|643,76224375156)
Network stretch 8
(210|485,0899672531942|422,6026387990465)(211|474,2696792888367|425,1113194551785)(212|462,44695582652804|424,12253780031955)(213|447,741071575293|425,7642672083)(214|433,32685545337205|429,94413954827024)(215|416,76688823673464|433,3599108256317)(216|399,16701222168484|442,129115306454)(217|384,9168432963526|454,70770549932325)(218|376,6172977171251|467,9450477928283)(219|362,8803747359596|480,2192636497834)(220|353,9383660510951|494,8496819667508)(221|339,35489921525516|508,1201731119739)(222|329,8769576475998|519,489981033899)(223|324,60784894380834|532,2538356067882)(224|320,0086760575595|551,4605904294788)(225|317,43351431240075|569,458016308055)(226|315,1525039194934|580,9753984337677)(227|311,83084347639783|599,9088148212732)(228|312,9818847532047|614,8227014906203)(229|315,9154210516964|632,4588442243625)(230|315,14871314431304|650,5398327471701)(231|315,42972685405044|661,4820218673351)(232|317,3038404833212|678,2471202069863)(233|317,69833201362815|694,6509507343926)(234|322,7775682932676|712,05403766377)(235|332,15404015575206|728,0964580854187)(236|341,23888456735403|737,8439695700715)(237|352,3345589991684|749,6437936231426)(238|366,6988367644227|759,2174530335923)(239|378,8055864274551|773,3772454745852)(240|386,64647439654556|781,1726846135743)(241|395,6745474645501|788,4329175229208)(242|406,05531602484575|796,3606869427892)(243|416,4549015835275|806,9128472767679)
Network stretch 9
(244|23,115003026609774|533,2512601899222)(245|41,99534158758186|534,4989666051506)(246|54,29395316629763|532,7545408902154)(247|64,41320243133254|533,8894305013065)(248|79,34387855245458|538,9054757701559)(249|92,64282930040376|548,5953098631823)(250|104,83035686430956|557,1677593819753)(251|117,39612512347597|563,2403563584471)(252|126,60233952847469|567,6383405602887)(253|140,1598655491222|573,8791627629053)(254|153,95492463906442|583,8121524935294)(255|164,55835504526777|590,7849317872985)(256|181,18560940735932|597,1787216037607)(257|196,2693845256367|598,7493513440772)(258|208,26104714574163|600,9092775812738)(259|222,77164543797326|601,7586656953014)(260|239,2718667106551|600,0632019472413)(261|250,12536108075503|597,8756171479159)(262|262,17222937129935|591,0984688074223)(263|275,7644397966626|580,6500631887684)(264|285,04476525478094|573,1103581128219)(265|298,7528361318326|564,6065133330696)(266|309,8599494791167|560,3134150004031)(267|320,0086760575595|551,4605904294788)
Network stretch 10
(268|289,57958020715955|973,5099584672181)(269|301,60788765238016|975,2133839815889)(270|314,33093287224085|976,7267925059713)(271|330,45012918999515|974,0988852058699)(272|345,33248491684066|970,4068811067257)(273|356,48306751375407|963,6067866852317)(274|367,51023828410223|960,8457672545554)(275|379,78647993865803|961,1937505334939)(276|396,9154867872407|957,4844378905997)(277|415,0964772763818|955,1796002814951)(278|432,8362718284536|957,3939679808819)(279|452,43997163718393|954,775848668673)(280|463,47969324010495|954,8720345079472)(281|478,89747774033805|956,4902555152186)(282|492,505999107742|953,9694675076887)(283|504,4380025402993|954,5044338965203)(284|515,8420909836367|953,5110976221396)(285|531,8683051438576|956,1551146758969)(286|546,5332938524512|961,8187547556549)(287|557,9013959697639|968,7605581901038)(288|571,3295786470937|978,8359608181371)(289|587,715914701714|986,1267581057697)(290|598,4945285928727|988,0337957276065)(291|611,7673402584722|993,6631633834189)(292|626,6462434572488|996,7100850918381)(293|643,2060030750046|996,1096288953922)(294|662,3635923763342|992,1995484546682)(295|672,2675602897332|988,9164816512501)(296|690,764278952859|987,1321209933984)(297|710,5612643202468|989,9497183204841)(298|722,1759504262761|989,0166751181753)(299|739,5542455529044|981,8843705522484)(300|747,7330486370618|976,1103888264101)(301|758,5333940686907|970,8928599209661)(302|773,8881537222023|958,8647055370898)(303|789,4938083799326|952,1284096869763)(304|799,8333122670302|946,8009203099277)(305|818,4297044802998|943,1903230866841)(306|827,9373270977121|938,8212836296428)(307|843,327714143919|927,2422785822838)(308|851,6231320230103|921,5923093587998)(309|860,7410622693386|917,0426624448136)(310|868,5798339097381|910,6063586595081)(311|880,4537000521393|899,1582536835239)(312|886,8349071412058|890,9300302143498)(313|895,0889057612508|885,2621199769633)(314|909,2365892509976|875,9214290687554)(315|923,2575638315831|863,1782196821117)(316|935,8391314585269|854,3187257987015)(317|949,7569217796107|842,8859713748822)
Network stretch 11
(318|563,3587765336777|303,06557580040095)(319|574,4262571653837|299,9468923770628)(320|591,2910654630498|298,20699423452317)(321|605,7626509946474|294,490816270409)(322|622,466863690152|289,37949958313027)(323|632,6440154236295|282,7327017856604)(324|647,0274118465018|275,1928597565765)(325|658,7538837599417|270,38990265698817)(326|671,7855666272096|267,79213767684104)(327|687,2350277920691|265,34198225385614)(328|697,3338714350423|261,55440646616694)(329|708,4158814846098|258,4461510848748)(330|720,6507246159297|254,55513159739604)(331|732,5941380822709|246,9970199398736)(332|746,2421225608169|243,43799396101753)(333|759,6976069999365|241,09154627409978)(334|774,6186348966222|242,66445117968922)(335|788,4830950205154|241,9114216757389)(336|805,7496654651403|246,02514564181843)(337|823,6879246821105|246,96964269388153)(338|835,8560597866613|250,36168685406037)(339|847,6971605950763|256,64592365931765)
Network stretch 12
(340|348,65922124528294|63,88387459511117)(341|352,42176759696565|75,71813140632472)(342|355,18404950994454|86,72141651994207)(343|355,11768019757994|100,26641978824719)(344|351,6094615497565|115,18600857941452)(345|351,50416134095656|126,36441538893556)(346|354,24756195878376|137,9869007977128)(347|357,06122484561183|148,37028707104)(348|365,30299418326877|164,36795700341366)(349|369,2579204617535|175,6314831995199)(350|370,3821132318497|192,11337559256842)(351|372,0013055176695|210,20875067371747)(352|370,0456033759628|224,2221566593989)(353|368,787432801735|242,27741316018702)(354|370,1781324629498|262,125680097392)(355|370,83335098229736|274,96674487988)(356|367,33025638050816|290,5142952730693)(357|361,88982753429264|305,13535353936004)(358|352,4518216612144|322,6827217543136)(359|346,5835298830023|332,9030180888522)(360|340,393956812615|344,42475178339896)(361|332,10950447428485|359,9251135113264)(362|324,25378145003697|377,6680210753342)(363|321,58059142092384|393,9726771963739)(364|313,406340976989|412,00318007219323)(365|306,5398140634266|425,8758143618504)(366|300,8405643859506|441,47061543123493)(367|299,82733793483254|457,5543682250625)(368|297,07795656801|473,02912409081733)(369|297,44610198780487|487,32056187951173)(370|294,1127851161818|503,28024885328523)(371|294,63114130488987|519,6434295891457)(372|292,11223279600244|530,659188641647)(373|286,59615788831286|543,9320317730578)(374|283,257614558673|561,8714572556862)(375|285,04476525478094|573,1103581128219)
Network stretch 13
(376|590,8842052290609|444,5518308526612)(377|603,6105093395372|440,7310585789448)(378|619,6514170062703|433,9738774899201)(379|631,1497437587234|431,56050394522686)(380|645,7081160899317|423,8516271677907)(381|660,7331872242635|418,5298911683425)(382|671,4327778674938|417,8524997177754)(383|682,0201252840122|420,05434043007995)(384|694,5104799423743|423,3498846343099)(385|712,5821299338302|424,2738183551441)(386|724,9769222441636|422,9092677020981)(387|740,2894314994455|426,3940250907422)
Network stretch 14
(388|759,941043220433|931,0786453686089)(389|756,414395865105|914,6312466215595)(390|756,413463819269|903,6422376816847)(391|759,8035244385325|888,909213560135)(392|766,065128547424|872,5856598946958)(393|768,4240895954904|862,081048238388)(394|774,7399378539437|845,1442848518311)(395|781,501913305395|833,6462374191891)(396|792,6680595410581|820,3164143650696)(397|799,7959644231285|809,7592015058146)(398|808,272805217473|799,2125364175371)(399|820,0941438512529|791,2894718773471)(400|835,7542170756317|780,5984866955836)(401|848,6197823795173|775,7753740713155)(402|859,6179034361293|772,009940845516)(403|871,5496832128414|770,7799102629745)(404|888,2694374956372|764,3379205972651)(405|900,5611201912524|754,6688905103)(406|917,5242626219143|746,987389479718)(407|927,8549215591829|738,2428641492218)(408|935,9681434060172|730,1637672603464)(409|945,5339325144572|720,7395814488449)(410|956,565231078531|711,244740153644)(411|970,0976309718194|705,2380752352035)(412|984,3662495278148|703,6595296540198)
Network stretch 15
(413|464,3459135966124|539,3690064267112)(414|447,1669443648095|533,8501315014452)(415|432,4238498481588|532,0222860059249)(416|419,3215714863839|532,9721552788167)(417|407,95877792140215|536,7452866054984)(418|396,818057874418|539,3779963077404)(419|383,8766351431677|547,1128424446398)(420|374,88093433422955|552,9924283292858)(421|360,93143092927676|558,7449882870748)(422|343,0605175216735|565,519683693308)(423|317,43351431240075|569,458016308055)
Network stretch 16
(424|267,9191409926485|857,2343000477339)(425|264,5417891115013|871,0290607190327)(426|257,7577812097593|885,4212243172169)(427|252,2337187645119|895,4196213053875)(428|242,43816023498383|909,2789091205112)(429|234,43069955788417|916,1014170015613)(430|222,79074615656612|924,9870134459147)(431|213,7063771147413|935,5310708117132)(432|202,63576328005965|945,7290784268793)(433|190,8926169270354|952,7535605929494)(434|181,41678181847885|962,8720064933203)(435|164,55139248042047|972,4353058566812)(436|152,31531799550189|982,8470549109832)(437|142,00781698785684|991,7749956843614)
Network stretch 17
(438|56,94278099431786|830,1927153161694)(439|61,257022909632354|816,7971041889712)(440|63,42390658718821|801,3792640976272)(441|67,0344085599243|781,750582533719)(442|67,68280432838885|764,9376561894709)(443|68,63974800637291|747,0369738108953)(444|73,99177933391745|732,4874567304538)(445|80,85430811577857|718,8534232965374)(446|89,23314795412308|708,8634433822626)(447|101,62648838233055|694,2072196172744)(448|113,64831625310758|686,2342542500917)(449|130,27055532404285|676,2720104616061)(450|138,97684573185305|670,6829716567352)(451|144,4757021142172|657,4185176093102)
Network stretch 18
(452|744,4444181138856|851,9712602030352)(453|730,4699862865959|853,5403695587086)(454|710,9748244047373|854,1616867832107)(455|695,8355700564977|859,0500778492978)(456|680,3656891417306|866,7489780853789)(457|663,6172735800757|876,0289140593756)(458|652,2840688155251|885,8629619864714)(459|642,6990814341245|893,2924631353164)(460|627,4154650189853|903,8031254399842)(461|613,7957208227501|912,7283534881203)(462|600,1206021638355|920,7860277141867)(463|586,6425280528746|924,6552892776901)(464|576,3776926001838|925,4566121189939)(465|566,0364898449205|925,4520376407515)(466|551,6798101474038|923,3084993516408)(467|537,0255592609911|922,5220673521118)(468|526,1050760732455|919,3848636994879)(469|515,1709547354938|914,4706447004835)(470|504,60314407019257|911,7613330259543)(471|489,7981870184709|909,7592804607553)(472|478,31388055174244|907,2924468415945)(473|466,7567013171392|904,745745529604)(474|450,4281406027301|898,7027045840331)(475|434,0731255280712|895,2895441647223)(476|420,12683071962397|889,8003119470179)(477|406,03410675059484|888,5293269871844)(478|389,5712321585718|884,0671824589868)(479|373,3468606054111|874,5656465980164)(480|362,7931317128157|866,1268983729997)(481|353,04250686300117|852,2303142815847)(482|343,31658157543836|844,2301251096942)(483|331,7460028294324|838,9733186368424)(484|323,1923041896828|833,721181957112)(485|309,9825179112114|827,6581134963227)(486|294,10037842035683|817,9156841023516)(487|282,4841787008572|813,3973281549305)(488|263,4894931184733|810,9357183447324)(489|247,15489981164615|809,6694966423252)(490|230,03445535948083|803,649679748077)(491|216,16336073519977|801,6262386053568)(492|200,77400588999794|799,3099715930547)(493|185,9616701958668|795,3824038736909)(494|171,44532700782722|788,3729090022711)(495|157,41880223963764|778,6791192136553)(496|147,02032649957715|767,7041471484232)(497|139,023693040637|759,1212907407249)(498|131,58483625162748|746,5340250679293)(499|118,93386617139633|732,4926526557665)(500|109,58422759094701|726,0597324265418)(501|89,23314795412308|708,8634433822626)
Network stretch 19
(502|700,2923082096|921,9085457371123)(503|685,8498200749402|920,107848810051)(504|674,1530793624993|921,7444150084448)(505|658,9469548964912|926,4345208123442)(506|648,1135774318861|932,8062043659463)(507|632,3153469623453|938,7878970695265)(508|619,4756367922819|940,5407475929392)(509|600,7358390157533|946,1958290065477)(510|589,2673808831187|946,3932781343384)(511|578,4435191974493|949,4261412825105)(512|563,8515109493899|959,1390502033961)(513|546,5332938524512|961,8187547556549)
Network stretch 20
(514|50,98528696735636|980,4093493057459)(515|61,853778926930616|977,2645945912051)(516|76,7300371539435|968,3385066685759)(517|94,20669508491383|962,7859120362767)(518|110,91543356843891|952,5291011070924)(519|128,10537042028682|946,0601372674066)(520|141,98396551414532|935,1621224042656)(521|152,07843978341114|921,4791355060999)(522|156,22179079218313|909,7101823293934)(523|162,07725834753924|891,1206515392088)(524|171,90481909708174|875,0034110316932)(525|176,9939415928064|859,0080339669717)(526|179,3010557429997|848,1536138582627)(527|180,80670753803065|828,4547106507423)(528|183,3797822557929|817,295848477577)(529|185,9616701958668|795,3824038736909)
Network stretch 21
(530|387,44615781467695|350,6249097877298)(531|399,3736092286057|349,30000059145385)(532|417,44330586721486|341,94744066338495)(533|431,013559184953|331,41912528671156)(534|449,0935986051234|323,61036344344535)(535|458,13384542938087|319,08869427977066)(536|467,89259258379724|310,6077967480421)(537|476,829069368993|297,9507446219087)(538|484,45232996475045|286,45535254813507)(539|488,1591396547837|275,14009852837796)(540|494,5127387101779|261,167641240599)(541|501,1924805197312|251,70388678387263)(542|506,36963379717815|235,12809490679865)(543|517,6980095463481|219,1124064123423)(544|527,5605730435473|207,208378267324)(545|538,8245198069767|195,72841532704064)(546|553,2313575690616|182,5509286612647)(547|564,4773165265096|174,3350555137101)(548|576,0118539531179|160,3583373261946)(549|583,9810432936836|150,59693707250204)(550|591,1287103420811|140,2304428264651)(551|598,2765463374986|132,9299371805093)(552|605,0700976721121|119,33858992052072)(553|613,0160218344009|110,28464926590732)(554|622,7320853010892|103,48789411857327)(555|637,9260131188281|93,74182748657773)(556|649,4420682399887|83,77472196857505)(557|663,6778488217178|72,34690596106661)(558|677,4705621423054|62,68123367353822)(559|686,399136424353|58,157926230056674)(560|702,6996663367337|50,46397350757991)(561|719,8061252673153|40,57495045704742)(562|734,140244319767|30,744922017838935)(563|749,694175616005|23,938199365779035)(564|761,1593139526713|18,325881835179885)(565|774,4761386276065|15,84402853169012)(566|790,2851486104978|17,078442065606662)(567|806,9313749730393|18,11698314465079)(568|822,1475540057844|21,619818814900878)(569|833,2245507390346|24,318454791987794)(570|846,5416374918377|25,55959663861352)(571|861,021665227473|30,740081433481343)(572|875,8377889681183|39,64288466436629)(573|887,3867263358998|49,206858376381724)(574|912,2044969872593|54,19014722769621)
Network stretch 22
(575|292,631042326163|678,0398188522271)(576|295,4313630465566|688,8004626991815)(577|300,67283916909827|698,9772285717677)(578|307,7218346997763|717,029889338013)(579|311,35249511852743|730,5416301793093)(580|319,8719596201444|746,7086634763658)(581|327,9500941141077|757,9493790810817)(582|333,68017071409685|768,2515078756213)(583|337,3124901976951|782,4636800694452)(584|336,83754136476557|793,2356661420184)(585|337,5517113932008|805,2329069059386)(586|337,93072509426537|819,9382304882132)(587|331,7460028294324|838,9733186368424)
Network stretch 23
(588|991,1469928879044|66,48029995452627)(589|992,4609178837129|84,09928496599176)(590|995,2012559503431|103,9050949896964)(591|995,2856201890721|116,32617807290202)(592|990,9888136347058|132,99611501528048)(593|991,7689669431084|152,23230262424178)(594|993,6882416800026|166,97055739969542)(595|995,014242636232|178,52607402673075)(596|991,8045287422519|197,44587562827132)(597|986,0332549636405|208,9173604725239)(598|976,6866748539167|221,01133693194797)(599|966,5616487985734|228,79112806303218)(600|958,4693770004792|236,96788130192996)(601|950,1649057100278|251,1627904440895)(602|946,3936619361039|265,2197741692448)(603|939,1226096719232|279,49135465886803)(604|932,7796693054498|289,9217486016673)(605|928,7514169596566|305,888954730088)(606|929,2877671067424|320,14543678344035)(607|932,3233933192307|332,94642793879865)(608|937,3575110723355|345,34709414326767)(609|942,1776598984611|356,9009244866565)(610|947,9248206190375|374,01577111555537)(611|952,1102069595755|383,1457897024499)(612|961,9853164412455|394,44871181053145)(613|973,3347796941482|404,0198408987646)(614|980,439316474949|413,6646892451109)(615|986,6599719654071|424,3108041201429)(616|998,4493919618948|436,6905914937753)
Network stretch 24
(617|130,34497254078508|528,4829030411704)(618|117,08861645211115|527,9580710869502)(619|103,42588979116925|525,4382773108165)(620|92,18248070498963|520,3613533931252)(621|76,31789152572723|517,2820522660331)(622|66,64305426488019|514,4011031679478)(623|50,98269763094969|505,4270386498505)(624|42,4949851857817|498,4921508439409)(625|27,673072566697634|490,4528536249571)(626|18,59217609974749|482,2627362459522)(627|8,706844145742481|473,2963448814132)
Network stretch 25
(628|872,0095520243093|501,3111534068878)(629|874,9800907508818|518,2631289738215)(630|878,9323438444026|530,4514669839648)(631|884,3856304805653|540,4472769375842)(632|888,6801823827657|559,748107269528)(633|892,9188489634807|578,1656169743031)(634|896,0107781655632|597,1759996515973)(635|899,9641881606932|607,7060586518761)(636|901,76458925163|622,8727621048498)(637|907,5407461781|638,8672405111477)(638|922,2072155812397|656,5987125490444)
Network stretch 26
(639|166,9168556886338|357,54801116769573)(640|182,82899553342722|359,5565157890263)(641|197,51714730140708|357,45722636746115)(642|208,87365221438415|352,4864104946078)(643|218,6569105818056|347,94460934875184)(644|230,96828408705306|345,53149472662386)(645|248,7893304394475|347,11672269962236)(646|260,7654561985174|350,02031114705363)(647|271,5088805512302|349,9736933088103)(648|282,3800421614211|350,9118938041241)(649|293,84443144464433|349,5178659560317)(650|316,6934695758392|338,3093945776387)
Network stretch 27
(651|582,0766969500468|529,4874839156341)(652|566,2991763250147|525,4443440107151)(653|551,6304368179058|520,0269795912405)(654|541,8058355404287|513,0979575173403)(655|527,2518196068947|506,8596606783195)(656|513,7642174023183|501,8123844618438)(657|500,1174082504228|497,56876089795384)(658|489,62023620045414|493,66436325783894)(659|477,01160977916925|485,2811247716366)(660|468,5750025115996|479,628104168943)(661|460,6114873062682|470,0556359524961)(662|455,26138354613227|457,30856254756895)(663|451,65265562831155|441,798370200692)(664|447,741071575293|425,7642672083)
Network stretch 28
(665|553,7277877115308|345,23931115178357)(666|550,8532063980903|356,9792907663676)(667|544,4954596736537|375,2298878833495)(668|534,2686187664239|389,22429819670435)(669|526,854652811523|399,36235229753515)(670|520,6700118944993|412,5474478099092)(671|519,1985517370149|423,85822996110306)(672|517,2215644445444|438,850959917247)(673|514,3836699674822|456,440792650042)(674|515,4051693426012|470,26866269503034)(675|517,3437702778374|484,2678978447052)(676|513,7642174023183|501,8123844618438)
Network stretch 29
(677|69,22010056172502|41,47638568723406)(678|81,73453408747787|41,93458676041854)(679|98,16534708298735|38,81054159959618)(680|113,75217848001711|38,64279996271308)(681|130,60595497301142|34,37759724352518)(682|142,39331447539737|29,81989570373759)(683|155,1750436327925|20,113730964158083)(684|165,75456136603492|13,803376841310525)(685|175,23669949333953|9,579990377110423)(686|188,57078602821508|7,9488851851537214)(687|206,9127528953888|5,345562527216888)(688|220,54304250728134|5,103365834794426)(689|236,55548798681093|0,5964824715850225)
Network stretch 30
(690|589,5712839390949|406,6683698476611)(691|585,519619824953|387,26574611971523)(692|585,011855511943|370,56195983688946)(693|581,5479367741393|360,13628175102247)(694|574,7600396452896|349,09182696136236)(695|569,314532257878|332,9527343877947)(696|560,9916296668548|315,90028775599126)(697|552,7891836292849|301,7605933217082)(698|548,7908462735239|283,5279921164427)(699|549,8313790578964|265,6764683635838)(700|549,4659554892746|249,772653948661)(701|547,0023511637514|236,1053487432548)(702|544,7936225035427|220,55484922706898)(703|547,1560447018408|203,85856466316758)(704|553,2313575690616|182,5509286612647)
Network stretch 31
(705|731,2417369015709|115,52818311170125)(706|747,6685005758642|112,56332994271033)(707|763,8363533058541|107,78004490953526)(708|779,6467952024378|102,53190234302569)(709|791,9143535227382|100,82671139492226)(710|807,8353701078278|99,26329867221199)(711|822,3470524305611|94,98327456239637)(712|832,3496697364834|92,54051558523892)(713|848,3573873833184|87,98609729631362)(714|864,3686817011987|85,61424234765909)(715|882,8998065068257|86,25261955778558)(716|901,7255632699352|84,9377940174811)(717|916,5890074768707|89,0187597051033)
Network stretch 32
(718|648,4722661080176|573,744345257871)(719|652,7504123200664|556,7797859497285)(720|660,4425729044495|542,5807092033785)(721|668,6608570234064|530,5822598176755)(722|680,6373621733917|516,9412035260676)(723|688,8349359171042|511,0773457290597)(724|701,4070064604473|498,3826849842813)(725|707,8581826770044|486,80636051848063)(726|720,7967800879813|472,25762990492103)(727|729,5407847341118|463,153229200096)(728|739,4810577947065|448,1340728564109)(729|740,2894314994455|426,3940250907422)
Network stretch 33
(730|90,88731375098568|352,5479549321104)(731|93,57154381361303|369,0514094186235)(732|95,62696720623786|386,4962497729121)(733|100,07153657900477|399,9768244963348)(734|103,1496317385855|412,2342625557053)(735|102,68241426720598|423,6592076582509)(736|105,11221455427759|433,7108476604323)(737|107,45995012311985|446,4738396716375)(738|111,15884960103492|460,47662885050147)(739|116,84724289653914|472,96423706851783)(740|118,28415105531927|483,16041885299586)(741|126,21563322481356|498,9934500001518)
Network stretch 34
(742|537,8587090120924|793,1746052546308)(743|541,383965105563|780,7329504662529)(744|547,0559579515801|769,3673850667561)(745|554,9889195218012|755,4566163811212)(746|565,8171034674524|742,0221842514736)(747|572,8487672235283|734,3239112504034)(748|581,7087119083889|718,2121452331062)(749|595,339372492647|704,790462176359)(750|609,2063163736858|691,2343143535254)(751|618,3263311755605|685,906244384842)(752|633,6057549405675|679,9414696379455)(753|642,417570835168|673,6043048895766)(754|652,3037292012789|666,4730214328805)(755|663,4803277343249|662,2252704184258)(756|676,2474040206397|657,0508700607595)(757|686,6078740439375|654,7921102039318)(758|701,9896344078643|648,1085582591521)(759|718,0244005374723|642,4132369388506)(760|736,4517625154745|634,3523694843768)
Network stretch 35
(761|709,7831651148307|823,6494207864857)(762|698,1225049894259|826,1275269812974)(763|679,932725560971|832,3552714151008)(764|662,5988216410864|838,950741873719)(765|648,2481656073533|842,093593226781)(766|637,9436063262239|847,4083675447897)(767|625,3985022958368|849,9455197039056)(768|614,9978914469037|851,1129579100385)(769|603,1740162494729|849,3206080567882)(770|584,7265483481963|850,5768786811468)(771|567,9953757829519|848,1891726284355)(772|549,8291132214314|846,2090935644004)(773|539,4703423357811|846,8350501189116)(774|523,9599144840669|847,3350122693273)(775|510,3552455998964|845,735628833182)(776|494,55104355097666|839,4359669459525)(777|480,45728665423036|833,9332960554324)(778|467,40481141289087|825,5725471205018)(779|450,27298281235966|819,0128390240824)(780|437,69119859149333|815,5742851364648)(781|416,4549015835275|806,9128472767679)
Network stretch 36
(782|992,1668688730182|261,7884489064051)(783|991,4112498044587|272,18465642484176)(784|989,8364204711348|284,13387082057193)(785|992,1242236742188|300,59816843621246)(786|991,4430254151256|315,6132560395385)(787|988,1748161923748|325,32078350833336)(788|982,9213882289217|337,62567037340557)(789|975,0533003540708|355,80668088249075)(790|970,2751848081979|368,23693785427076)(791|962,4890775437907|380,6851760403722)(792|952,1102069595755|383,1457897024499)
Network stretch 37
(793|800,1856570132942|701,9192276997117)(794|783,7338031965743|703,8493042675265)(795|771,5937043893196|703,1639751465951)(796|761,1689382234944|702,696431820159)(797|749,5263876528873|701,2525693769111)(798|735,4207663092618|699,9107206158683)(799|722,6972367431619|700,8916421632417)(800|706,1996102808174|706,9470262123748)(801|694,8280988023172|714,086817569371)(802|683,8769253183855|720,4806650662669)(803|670,0989619752797|724,7926444969413)(804|654,4491092368648|730,1092981542699)(805|640,4420485026159|733,7229319523233)(806|621,306619906763|739,1186806108974)(807|609,8609188226845|744,6674619872923)(808|599,9067676135203|748,5627742229228)(809|589,903424405036|752,7817015916426)(810|580,0848327621634|756,6432367680625)(811|570,1063322105992|757,8916767201193)(812|554,9889195218012|755,4566163811212)
Network stretch 38
(813|122,95677798006534|291,5246855893753)(814|124,05571353094132|274,98640323089546)(815|120,21006762127271|256,76112786120274)(816|117,06562082075801|245,51002894336796)(817|112,47784594567106|228,96121531867487)(818|106,28006434564293|217,0115405563632)(819|98,32819051713535|206,40687402459946)(820|91,5793318267196|198,83800367837523)(821|80,21929682615063|184,49512360844153)(822|73,34395355027648|176,4423327757935)(823|59,11948322458663|163,46099089418215)(824|50,42386536477421|148,27760619482748)(825|46,295920320281326|138,41445359523235)(826|39,08134872635823|122,15486947970211)(827|31,664809399708567|105,15397681664929)(828|22,595528530279516|92,94793509433723)(829|7,772609042135496|81,79120313506822)
Network stretch 39
(830|457,4107255122674|159,25625393132506)(831|455,12877353577585|171,545832920329)(832|451,60406291220283|185,72414039851776)(833|446,406725696216|196,59585715974538)(834|439,0522659846839|210,36638543532158)(835|433,52307143445313|224,4756779982883)(836|428,8516251695827|237,7553743190286)(837|424,48667067839085|248,16191748358722)(838|422,23457911142674|267,2967463764384)(839|421,7689453598012|282,2611891714643)(840|424,1530359291801|297,0174606314266)(841|422,4777041269012|309,06684078018736)(842|419,2529651468458|319,4497099811556)(843|417,44330586721486|341,94744066338495)
Network stretch 40
(844|511,97359036280477|380,56969753493075)(845|492,4264857483701|377,7092845343463)(846|481,2054038529224|374,8303607291066)(847|467,3608206601034|367,41182199052315)(848|449,8300375659115|362,69165999364566)(849|430,9442413237977|363,1965627873691)(850|412,1803902943108|367,3031255179933)(851|401,2239977946288|373,00101323691575)(852|383,4850698501071|376,51557459635467)(853|368,2997391041733|379,8892129362822)(854|354,56619817992004|379,2039509104127)(855|339,01092358280164|383,1440277705311)(856|324,25378145003697|377,6680210753342)
Network stretch 41
(857|557,1844138005677|16,677555635886993)(858|543,2025916732306|16,92798238322123)(859|526,2268488624883|22,377707630197403)(860|516,5440045562501|26,00100705473243)(861|507,17300753687357|29,53661248042878)(862|491,92629753500347|41,16948606665753)(863|476,48934824515635|51,85254333187487)(864|467,39504007585737|58,44842902643925)(865|457,258927608111|61,746673186854025)(866|438,8121806122539|64,70033655078322)(867|420,037959401259|69,09443787381271)(868|410,1738942111932|70,77657561607832)(869|390,1819376651573|70,56234112009439)(870|374,16498867780786|69,33943674220573)(871|362,02951581191337|66,6888969576844)(872|348,65922124528294|63,88387459511117)
Network stretch 42
(873|397,26502559951746|195,31234828536972)(874|402,0728243011139|176,71873187018716)(875|409,03578557049354|165,20055355569076)(876|419,2248781067479|151,18032393612026)(877|431,8223739375604|136,52418388968897)(878|438,948400469749|128,47737384426128)(879|445,1945289532801|119,19117582366115)(880|460,1921710854968|106,82865897254254)(881|472,6429639861134|101,25965756360299)(882|484,2233255245269|92,45309469491171)(883|495,15828246282905|85,63410507206294)(884|512,7457799566836|76,57114524671346)(885|523,7337082721817|73,94045590489746)(886|536,3445359601623|73,6415186477635)(887|546,4155271442676|72,95323427139972)(888|561,966293332776|69,89439534938715)(889|575,9503963216202|67,20600943766325)(890|592,5451948586247|62,56975283533933)(891|607,4770150951474|62,2016698863312)(892|625,8289542215147|61,42419998865387)(893|645,2453279268659|59,63850286288456)(894|657,0055298956142|61,73532208182683)(895|677,4705621423054|62,68123367353822)
Network stretch 43
(896|454,57167246126187|30,837655547465037)(897|437,7739339039125|34,39917626325215)(898|427,49118963317335|33,514155521419944)(899|413,1479200068135|30,225270344005676)(900|397,1474102003577|24,185451569460213)(901|382,4480315677522|20,500980600810333)(902|369,57186667065133|20,11228457645783)(903|355,5314007253446|18,50242378437292)(904|338,6280038230877|12,161704936497282)(905|321,035784201253|8,67488580282151)(906|310,23463259859477|3,590946972366196)
Network stretch 44
(907|755,69411868029|302,4145664192804)(908|738,4653934658992|303,77047062048814)(909|724,3036493768749|304,17032896341533)(910|707,0158947537449|303,58905537927035)(911|689,2684007874727|305,17799089196336)(912|674,9277475040045|309,6477298062687)(913|660,590116736425|318,9519497263236)(914|651,2473769457715|327,26837918545976)(915|641,2927913254804|334,51720100590677)(916|627,2709262245979|343,55880825763376)(917|614,1314597657026|347,16034165070977)(918|598,73836901535|355,93299826562554)(919|581,5479367741393|360,13628175102247)
Network stretch 45
(920|744,8635854501573|160,4557480478919)(921|729,266701485242|159,64864332153235)(922|711,9524745790907|161,42349635049018)(923|693,4483354177557|164,0050456598985)(924|681,7127129546118|163,14229659091194)(925|671,698800821242|159,33416367955405)(926|658,459979935701|157,31612740783422)(927|647,509982614814|157,62293054216568)(928|632,7191353090366|161,989230220025)(929|616,2094323390188|165,19877214071937)(930|600,9562010027716|168,5921219519194)(931|588,7687731668238|167,70835589422254)(932|576,0118539531179|160,3583373261946)
Network stretch 46
(933|335,94325293597916|46,052586774366254)(934|323,58705395823273|43,20860805740235)(935|305,9785762023255|41,17720569861767)(936|292,0114607444553|37,87939692930732)(937|273,9863498675687|34,066883544355235)(938|261,235825961941|33,60969791577181)(939|246,93056783063034|37,32685395066751)(940|232,01267101402618|40,368577514629465)(941|217,08045603243772|39,96685151626052)(942|201,7869170127366|42,52068034818321)(943|188,68470318624293|42,68788098405612)(944|177,48515352235063|40,03961690082186)(945|160,39251973600068|31,597936201964856)(946|142,39331447539737|29,81989570373759)
Network stretch 47
(947|650,1187424408826|473,0523943309916)(948|638,6730444400199|474,2531548752601)(949|621,0883629651203|480,46529340323366)(950|608,0166197155845|485,37309760686213)(951|597,1686596515557|488,7571962902587)(952|586,8303318614855|489,04811867364333)(953|572,5805809514989|487,42432922019515)(954|562,2285351910286|489,2042642538823)(955|547,3662685159208|493,39508341072593)(956|538,0409371756385|499,4952500430623)(957|527,2518196068947|506,8596606783195)
Network stretch 48
(958|98,19515892220436|88,41106346268722)(959|108,35843129193063|89,26496507587362)(960|118,49476426232718|88,38885980407758)(961|136,8986031828767|87,03122224721827)(962|151,9013444677252|85,8098884001866)(963|170,66104910289732|85,35296472885226)(964|186,93035693509034|84,95196758595884)(965|206,01606802795268|90,10670304453478)(966|221,41918859143323|98,65398520572134)(967|235,72780473253096|102,16655336869871)(968|252,87860136144303|101,30084446186439)(969|272,5682181960634|98,17312010064566)(970|289,19026102185586|98,62310480761882)(971|307,4887561971171|104,32864877737356)(972|320,64725004631134|111,91162233469377)(973|337,5364308843609|115,72933762368075)(974|351,6094615497565|115,18600857941452)
Network stretch 49
(975|26,601406757999865|790,8601424614247)(976|28,23725607418808|808,7053645826411)(977|33,78281462571305|825,1330271524107)(978|40,84062833903539|834,9391340494269)(979|52,99743893920187|846,4292992196068)(980|67,45435057813829|857,5408163933164)(981|78,39652377457548|864,9146930756148)(982|90,89820980911912|878,3597012937772)(983|98,91092091084187|884,8079012792374)(984|110,76503577146764|898,5723009581233)(985|125,01381130938196|908,183553069838)(986|139,33964619131407|916,4473939972785)(987|152,07843978341114|921,4791355060999)
Network stretch 50
(988|940,9828572259205|943,7400907947404)(989|926,2845668529776|946,9404537222273)(990|907,9953233608072|950,9884904898499)(991|894,6517078648681|950,0538900634956)(992|877,3567261825476|953,3353253414623)(993|861,9492617288333|954,7153248114624)(994|848,2574009046472|953,7746187826959)(995|829,7796717812785|954,9371036485268)(996|814,8139325499883|960,7643821987982)(997|797,8685636882798|966,1288606772143)(998|781,7153723611546|975,1176016601167)(999|767,4131659269688|985,4585697393625)(1000|757,0817745658954|995,1684101784355)
